40 167 99 164 72 7 210 203 193 227 187 267 57 200 166 232 230 172 222 174 202 268 86 191 22 23 6 118 291 138 115 55 182 176 270 229 194 178 52 211 165
36 168 216 8 299 24 294 137 150 38 63 91 128 122 64 254 26 3 61 269 147 93 283 199 255 51 66 280 17 297 231 126 69 9 84 169 274
30 34 275 88 286 246 220 58 56 273 113 188 39 28 217 295 109 163 237 76 81 45 248 250 266 100 120 186 143 77 175
25 108 110 4 85 159 136 107 261 129 21 29 241 146 236 177 90 70 101 31 205 155 154 135 247 257
26 54 80 249 162 260 225 18 53 226 281 40 239 158 207 89 48 139 20 98 223 252 47 240 49 132 183
25 184 87 134 13 144 263 198 79 32 284 185 82 253 195 73 42 119 238 292 145 251 46 1 173 130
21 180 103 75 218 74 60 156 102 14 243 197 160 235 5 264 67 215 30 123 189 208
20 41 212 62 92 171 105 44 277 224 214 258 117 114 25 35 289 141 279 293 2
18 116 0 148 125 19 245 213 204 121 190 83 287 16 78 104 97 233 94
19 296 161 133 276 15 96 244 157 282 209 140 124 131 192 265 71 37 206 151
16 127 259 95 290 285 68 50 298 170 219 181 201 142 242 262 256
15 27 111 11 271 10 152 112 43 106 12 196 59 272 278 149
3 288 228 153
0 
0 
0 
0 
0 
0 
0 
0 
0 
0 
0 
0 
0 
0 
0 
0 
0 
0 
0 
0 
0 
0 
0 
0 
0 
0 
0 
0 
0 
0 
0 
0 
0 
0 
0 
0 
0 
0 
0 
0 
0 
0 
0 
0 
0 
0 
0 
0 
0 
0 
0 
0 
0 
0 
0 
0 
0 
0 
0 
0 
0 
0 
0 
0 
0 
0 
0 
0 
0 
0 
0 
0 
0 
0 
0 
0 
0 
0 
0 
0 
0 
0 
0 
0 
0 
0 
0 
