28 6599 9447 9820 6879 6687 9785 3949 7239 7392 9781 5058 5501 4732 9370 3132 1171 6521 4614 268 4786 3714 8021 269 8014 6797 1396 1697 624
28 8033 8468 5973 9366 4697 630 8914 36 4110 4958 8214 1290 4882 7233 9390 7035 3674 4434 8420 355 6346 9965 821 9335 5936 3092 5398 7417
28 1434 9460 6671 3681 2965 5138 5446 3318 6329 8988 7122 2397 8047 8191 6996 2708 7155 6968 2460 1335 6420 1995 8742 5521 2778 6821 3173 1793
27 333 493 5938 9506 4777 8006 43 8993 4190 6918 7983 3685 1467 3700 6439 3805 8028 7510 650 9834 7128 7453 9863 8979 4407 6133 8618
28 1179 6668 9718 3476 2186 2430 236 5353 2450 2142 3130 4945 6252 2977 6510 6930 6963 1906 5242 1252 8342 8923 9638 8940 6022 5548 7854 1778
25 3016 3247 4989 3987 7173 2384 4104 8920 2707 6567 3797 1747 9160 4883 299 1013 3162 2309 6349 1687 9493 9069 7595 4287 3857
31 719 9861 5881 6113 6125 4887 5857 740 9183 4885 9970 2062 3839 3390 2019 1511 1063 6714 481 2344 945 366 9603 8104 1372 8219 6883 5844 9829 3876 2507
30 9191 8546 5942 8885 8166 158 4903 6369 6616 7316 6185 1557 7039 6800 1553 9311 5820 7733 3129 4475 3916 7067 3864 3521 2065 8935 3305 1367 9932 8636
28 2603 1893 4238 2813 1220 7430 653 8423 4638 4873 5905 5998 8384 3382 1457 7013 583 8291 7507 4056 988 7657 9472 3706 9563 2776 3642 4659
24 9670 7662 6151 9627 8906 7338 2470 4432 1871 3813 7268 6224 2546 3034 5331 9946 3809 5518 29 5173 9320 4237 2444 6121
29 2446 2202 4773 9592 9836 3373 794 4247 9420 266 3515 6352 143 3721 9448 2929 211 1984 5656 148 3469 8136 4517 9517 453 4561 6842 9615 5723
28 9145 8364 8657 9385 6444 4186 3331 8754 2745 8256 9939 8055 8122 1799 5579 9250 6302 6306 4482 1684 5004 1912 7052 2434 2703 6141 3758 6639
35 3440 4049 6475 4957 8439 4165 4867 4677 1515 9425 5861 2331 790 8448 8824 8278 7586 3753 4838 9564 7961 4924 5338 2172 6355 1110 7197 7551 2964 9041 1930 3138 4111 6730 5284
26 8141 1574 2648 8919 2000 5020 5436 8178 6312 1688 7407 9057 2373 5962 6726 7909 6119 1581 4513 6394 3296 7512 8836 6506 2481 3570
27 9058 6543 2297 2418 60 2775 167 7024 5821 6230 7536 3315 1929 8509 5332 8497 6827 1334 3497 4022 6209 3424 9759 3946 4526 3870 4502
28 2995 4764 7883 5298 6622 5772 8912 9976 2725 8889 6585 777 4779 9876 8752 3512 4826 7285 8684 3221 7897 1153 8244 3583 8585 1211 9423 6804
27 681 6557 1983 3235 8977 7488 4314 7572 1258 9658 8318 1709 4601 322 7056 1719 5989 6417 2259 8662 1561 5871 3053 1841 3959 2807 4556
30 2038 1539 2785 5129 8751 593 6868 9856 147 6162 2624 8917 6210 2121 1358 1701 245 5982 1338 5139 8457 9775 351 4884 3655 8402 277 825 1868 63
30 9832 4057 3519 2335 6046 2239 2738 5343 9737 3925 6434 334 3584 9792 9845 3026 1088 6078 6058 8496 5858 5920 4403 9348 459 8606 5615 6011 6823 7533
32 9738 6638 4503 2715 6889 4093 7299 8441 1836 9153 2909 3565 3488 2463 9458 3063 729 8550 5737 1720 2379 8429 7143 7469 4296 8203 3168 8830 1270 5836 3531 3504
25 7418 1556 2351 6363 1241 5117 3587 4566 5070 7105 6025 5417 2151 7500 4094 8161 7879 4073 8126 4450 3154 4411 9349 9505 7917
29 7426 4753 26 170 6278 8471 1998 2961 5838 5843 9412 3286 2948 7032 5993 9483 1713 5806 4837 7208 7599 3223 8951 4342 3572 3985 4827 3868 4300
31 2822 4390 9787 5310 6509 2126 2359 8389 902 3683 9437 70 822 546 7300 9008 2982 2206 1221 6343 2886 2112 7041 5792 7301 2732 6028 3406 1864 7775 5107
29 6042 152 8710 6294 952 1608 6177 3917 7621 4575 8462 7243 2647 5292 5135 9119 7053 4493 2271 1654 2216 9341 5217 7228 9450 9905 4872 5527 9969
27 2849 4433 3064 7992 6123 8831 2179 6584 7061 8689 4898 4658 2017 1401 3152 2697 9509 9295 7780 712 7956 6327 4257 6751 7315 4916 7796
33 6440 6956 3878 9470 7929 1499 3350 4553 4183 9909 106 3388 3192 5036 7275 3415 2044 6692 4845 9355 9567 8997 6232 631 3600 3910 4733 3943 978 2487 5473 9204 8465
26 4523 8568 138 7115 3855 6410 422 8911 1344 8734 7345 3879 3894 367 7656 7779 1471 9105 1216 1497 1277 2927 4584 6637 2431 233
31 306 4751 3950 1520 8108 2468 3854 980 9380 6715 1971 3434 384 8989 529 8878 8223 4839 6621 6724 9776 8016 5094 3738 2588 2443 1800 9347 5491 7471 5644
28 2870 7096 2557 5751 854 4636 6341 8572 3164 1304 51 9908 7374 6697 3003 8475 6706 3047 4815 9944 7211 5785 8748 8243 9572 4297 2530 1665
28 9413 2793 5467 82 7351 5940 5478 1411 1904 6764 5311 4818 7949 8605 7088 4177 1726 8329 6396 8304 3509 6926 8556 5711 2505 1981 1954 2291
31 5835 9213 6265 5153 9150 2166 6794 2918 9397 5105 2788 8211 4241 3989 6728 1919 6282 3271 3193 7836 4541 6118 6259 6370 6702 2884 2819 9633 2749 518 8009
26 8725 6595 3643 7397 1560 2391 4350 4446 3882 1849 6927 5198 1819 5268 5037 2727 5186 6054 8208 1910 7714 1347 2441 166 1653 2659
27 7277 8786 5815 1969 8320 8368 9350 6676 1996 9173 8215 1452 1223 9609 7196 4406 9518 7547 992 1949 963 6139 6577 4224 9573 5285 2895
30 3875 9498 9440 479 1558 8012 5424 8937 466 4720 3121 1797 2404 7962 1567 830 6946 5098 9779 2700 4206 7092 723 4449 8902 7895 1184 6157 9410 7641
29 5371 4951 1704 487 8543 9590 2212 4521 3254 420 5169 2412 140 1249 1173 4054 6494 2292 6122 4445 1658 9086 2383 3578 8708 12 8619 4184 4775
27 156 8730 5532 4219 6275 6105 6389 851 9186 5514 4140 2260 7005 7018 6418 8578 100 6469 176 9859 1633 2203 4531 5374 3796 119 8311
29 820 3216 2836 3172 6748 4718 5726 4950 164 7891 3313 8661 6735 2220 9118 947 6758 5393 9298 5626 1501 8411 1281 652 8376 2999 2911 849 8879
26 4172 1712 5134 3139 220 8649 1089 1433 8369 2887 7130 9931 7126 8990 101 1346 241 7999 201 3206 8647 5009 787 9134 1327 8387
25 6130 6190 9606 7742 1042 8897 674 3724 7664 6708 2825 9035 4855 9757 5027 5150 9316 2492 7293 8312 4663 8081 3148 1714 5823
30 6428 6257 6959 4151 8130 4983 8239 1784 6186 1872 332 83 986 5132 8490 8759 8867 7499 6775 226 6853 2816 4208 8275 2834 2829 1727 3472 6632 9941
35 9159 1364 6003 3462 6150 704 4788 8553 8486 5502 4856 6357 7661 7432 8666 2656 3786 5590 2043 4027 9641 9294 154 4154 2787 6887 9065 7858 2976 1446 2448 5481 7049 6537 6207
26 4078 7793 3169 6474 8575 873 1787 9240 9798 1692 2928 6187 1968 2682 6414 4080 8139 6875 2602 1343 6855 5017 9582 882 2532 5666
30 9392 4543 3656 544 1264 4192 3731 2574 6562 134 3500 4460 1532 1724 7157 4120 4676 9588 8480 1195 4812 4991 9137 6903 2392 9849 262 3956 5029 7885
31 6781 4071 1835 2614 2459 7201 5171 6084 7062 3506 5329 3695 8855 7588 4471 6629 3137 1781 536 1736 19 7193 118 1162 6248 7807 5667 6217 8412 6737 7319
30 6430 612 336 4535 3899 6168 2334 3803 2832 230 995 8147 8894 4100 7560 8787 2251 8764 3650 8158 5295 4972 9195 5341 6066 7810 5582 8928 9782 5674
24 3117 1764 4717 5999 3671 8234 964 4363 8628 1256 1960 2903 4277 2741 2419 1213 5977 3761 4894 4729 8809 5715 7435 3334
29 7138 4466 5354 2649 928 1465 1994 5159 7401 7811 527 3795 3974 8842 585 9047 6940 9706 9701 6144 8888 2284 6103 3239 677 2357 8290 4586 7718
30 2851 474 1040 4662 3051 9678 7538 4355 5274 4641 2286 718 3124 7816 2560 9453 2695 5114 6802 2192 4770 3843 1455 151 4267 8633 5629 3957 5375 2406
31 6340 1113 5128 4034 4655 8594 6985 4722 8828 7045 6268 4774 9871 9185 2675 7058 8796 5755 5741 4787 7023 3564 4772 7501 5286 2824 1634 6181 5549 8583 4881
29 9321 5500 915 2940 6871 3391 7894 4302 2797 9084 5074 5584 4657 9029 8378 4011 1054 5541 8336 3253 9711 1381 735 3112 7746 6534 6833 8216 8470
32 327 8406 5334 3316 462 2295 2258 238 5176 4694 59 1319 1460 9233 3692 6180 9709 307 8525 463 4939 944 3874 6541 9945 7074 149 2751 764 9607 3555 419
31 586 27 4088 8875 1554 1124 515 1521 2794 3770 1269 4204 5397 3020 9703 1166 8422 4737 2307 2639 4202 9373 2222 9379 2360 8520 4346 2105 4063 2611 9600
27 3883 7251 6961 9884 3326 3871 2281 200 4272 1934 237 713 3054 1047 6466 2754 5267 4886 5264 898 1318 5812 4702 3202 3645 9109 9697
26 1572 8678 3630 16 7986 7944 5783 1895 4880 743 4689 1044 5994 2540 3895 588 1480 7571 2598 1463 2089 8622 5819 9705 5960 9847
29 6885 395 3524 6935 3755 4486 4672 6826 3654 110 2547 300 3303 9763 234 9716 9877 1970 4725 2958 2461 1953 2875 5702 7544 2261 836 852 5885
29 102 8971 4099 5031 2168 2154 3558 5312 5700 4341 7651 4428 32 8436 7276 7172 2173 6288 5630 7027 5061 9198 8456 7287 7156 5294 5621 7593 2504
26 5260 3425 6928 6578 7158 2748 7916 7955 7135 4612 8813 8035 5924 9673 6967 3973 2180 8340 8382 7619 7220 8779 8729 730 4364 9163
30 6424 6791 5528 3044 5207 9120 3836 5182 216 9184 6280 6256 4565 5162 9651 249 8732 4113 633 3723 8705 8524 3017 7963 5599 8302 990 4135 1690 1522
32 7318 2864 4660 8693 2755 1592 4385 2892 4527 5121 2255 1825 8296 3393 1103 7184 3820 4800 407 179 8397 3485 4007 7582 9536 4613 9176 3697 7246 5204 7134 9556
25 7833 9361 3618 6245 5696 3528 1370 3675 2243 4833 6429 8755 7171 3599 3043 1231 3615 4968 8405 1546 6260 8393 4490 7655 9786
27 1717 1660 3921 9967 6292 3347 2920 9415 1301 473 6368 2790 1847 1936 254 6757 3891 1565 5620 7497 7139 9878 9285 1672 574 2956 470
27 9351 7245 4400 6255 663 1604 2135 1326 7928 9228 9964 9694 475 1706 6476 4719 3822 8608 6549 8451 3995 823 9205 9124 3226 8514 8151
26 2600 5865 2482 7723 3746 4942 3934 4388 6572 9526 5830 3819 6228 6670 4106 5810 9487 3737 9271 7250 4210 7687 661 2059 2155 3595
29 962 3179 6597 5934 1890 1505 7679 530 6097 6277 6705 5592 5438 5378 492 4164 1225 8098 7034 3270 7391 2619 8010 3859 251 6916 8731 9388 6065
24 9925 8044 563 1675 1053 3049 956 4370 8944 1395 8907 189 3801 9081 2837 3576 6527 9016 6158 4439 5016 5161 5021 7534
30 1785 8835 7481 3953 3126 5348 6128 4387 8463 6666 5064 1091 1128 1094 9050 7829 8119 4654 3394 5458 1534 2503 1951 3588 4150 5734 7107 9100 1991 2249
30 3660 8492 5115 2570 4050 9428 8266 6411 8638 168 2986 9249 686 3502 9279 8007 5567 1780 1931 5986 3915 7825 7749 6126 3848 4075 4735 9527 7153 5178
27 3387 4182 906 1325 5585 7441 8292 7691 6331 888 7330 9372 3095 9616 1135 7898 2972 1008 6987 543 9691 5872 8823 47 7178 3826 3227
29 6507 8366 4808 2876 8540 8339 9537 6547 8000 8263 1092 2522 4266 2946 3416 6380 4125 762 4865 6039 2515 1955 8557 8690 2718 7125 9586 7322 9741
29 7136 5370 5903 8026 1197 4730 2873 5748 1770 7163 670 5791 3310 1459 2032 9252 494 2951 912 4778 9532 5922 2074 2093 192 7517 6942 8715 7756
35 9822 7313 4481 3698 850 3696 7464 4069 2744 8848 3912 789 5911 4456 5852 9824 1664 9197 5727 4240 2029 6035 562 6937 2002 7445 197 4783 1509 1486 8986 4954 2968 2493 2296
26 7678 554 4794 457 6459 1575 6747 4550 7727 7906 4599 1280 1052 1382 5531 7003 4498 8720 346 6659 4459 6654 5813 8416 5970 9577
28 9189 3258 1365 3099 2221 3669 8478 2161 6412 7387 1867 3635 909 2370 8780 6565 4756 6512 3773 72 5814 770 7289 7119 9112 7029 7788 5789
26 295 7613 6790 5968 4096 5079 3479 261 363 9921 3563 798 918 3646 9507 7102 3641 8827 17 1200 5743 6957 8788 8487 7654 5361
27 5455 6425 1192 1691 9777 35 9393 358 8505 5395 3078 751 9283 914 3837 2128 3231 7570 7736 4993 4593 4326 5184 172 1551 2149 9154
31 2584 5383 1130 8049 2169 2236 2429 7412 5296 4325 5403 6287 2699 2685 76 6378 57 645 7994 1884 707 7113 8521 8326 9881 1682 218 940 7900 9015 7996
31 7653 9336 3659 5553 9104 4560 4495 8924 9394 4185 871 2320 1754 7258 7792 337 1383 775 5662 3204 7357 5745 9432 767 4485 4510 6002 8582 4592 3157 4188
28 187 7643 8118 460 2353 9761 2840 1441 6027 8655 5071 3131 8335 5006 7623 1117 649 8580 8863 1384 2529 826 2328 6040 253 2544 6960 283
26 9180 9913 450 9273 1795 1756 5223 87 1096 753 8206 3705 7431 6701 8942 6104 5463 7640 8444 8853 9652 8306 8032 9869 5227 9982
31 4661 6891 1938 5247 4 8530 1276 221 5542 6815 9436 1477 84 7336 5428 2225 5076 5426 2941 3535 6034 4285 9009 7444 6713 5650 587 7223 6142 1990 4058
30 7584 5326 6888 7695 1421 8841 4587 9520 3281 1203 5366 4857 2931 7108 3982 1771 1314 9455 2869 8133 5708 46 3087 890 2366 8323 7089 5787 4418 6301
27 2150 7216 8934 2752 7957 504 5896 4134 5146 9660 6648 7663 9434 8871 297 4496 8186 1273 4261 3900 4850 9225 4320 4746 2616 1315 6279
24 1769 3353 2265 7867 5713 4976 5739 290 4201 4728 1085 2842 6696 1046 5419 6372 608 5190 2282 7019 31 3197 3345 6784
27 1141 3123 5511 2141 4156 9416 3858 4483 1545 4306 2846 2389 895 2551 6323 7813 2229 7410 5697 6645 4016 4253 4366 2731 5864 4866 6179
30 5919 352 78 2042 5462 4123 5883 7910 81 6535 4679 2509 5282 178 2939 8597 9400 2714 2792 4814 6839 1702 1997 9524 3752 9953 3760 8898 1637 6148
30 7427 2586 553 432 7144 2664 7637 975 3513 8005 901 8677 1144 9490 5152 1409 2527 4365 1087 9611 7398 9013 7169 3081 4666 6972 368 696 8819 1508
27 5604 9601 9791 7232 9585 7065 4736 174 1723 133 430 831 5356 7353 3602 2272 8199 7826 3012 885 5145 1514 3661 7601 1550 24 8360
26 6808 4671 4769 1964 6348 8663 2352 3489 1098 4443 2913 3629 8775 7532 9325 9996 3473 3222 8996 8212 7 6848 8763 1786 3906 8640
27 8450 7782 9559 8584 8442 6686 8874 3647 8347 3273 6098 4368 5202 2185 6075 8140 772 7819 2317 708 2214 4271 6495 5092 1638 3952 7207
26 526 3709 7969 9095 8027 7960 5293 1639 1226 3834 9545 5048 3609 6539 5498 6965 248 1775 7057 8825 1989 2302 3070 2031 439 8395
28 6056 6227 1424 9175 291 3380 2101 7773 4628 7468 6522 4374 2040 7043 4633 9381 2653 716 7262 1366 9663 2079 5946 347 1255 371 9802 496
30 175 8383 3260 7744 2768 780 3486 9753 848 1158 4892 6115 3065 954 5790 9999 7428 6768 7226 6934 2655 8188 4176 634 7991 7930 6184 8479 3107 6405
29 1466 9194 3501 7487 3612 6657 6452 1541 2409 9310 9883 2651 2116 9332 6298 8591 1439 2110 8310 8300 4806 2612 2336 2618 3237 8895 9882 1268 9860
31 2635 1271 5966 4239 3744 5724 7054 5556 8365 9442 1306 3392 7423 8815 5108 6147 9729 5648 9174 8116 755 1090 3964 6132 2449 2483 6136 856 7923 537 4964
28 8849 8394 8625 1247 6313 7259 8833 685 6160 6364 893 5200 6024 4829 2256 270 958 9005 1355 3966 9744 4041 7140 160 5728 3355 4998 1851
29 9215 7946 4318 7177 3804 598 7800 3144 5906 545 5828 4402 6749 7363 613 4648 8171 4987 3666 6243 136 7434 7454 6661 2691 2329 9330 6576 4361
30 4891 3628 4349 7798 9033 4436 6746 5901 8741 2247 6221 7131 6862 4985 5800 1873 7702 9140 5957 6307 7814 5625 808 5452 8846 3653 4890 1235 5991 969
31 4141 994 3198 7516 8697 5910 6703 5177 5457 8249 5035 5550 3631 2590 4032 157 2327 52 5038 8271 1426 2898 5034 3768 296 8535 717 1601 7214 6969 7997
26 3039 5465 1330 3867 2051 3537 7715 3346 6727 4929 9110 8832 4921 5420 9072 2576 7217 1488 5631 8474 1018 6251 2311 480 2678 7540
31 45 1048 8434 3302 7636 2693 1257 289 721 365 7110 9554 8723 5278 7455 1988 3484 4132 2316 2589 5577 4340 2596 3853 8508 1570 315 9767 4940 6511 85
27 1808 1751 6463 750 304 8954 232 6919 9133 1767 3603 5781 8446 5441 5761 6846 2278 8095 7495 3980 6899 3311 196 7631 8061 8744 6441
27 7851 7421 9492 2140 9139 9899 5228 311 5496 7284 5803 6213 7622 6009 4321 3293 348 3282 8209 3133 959 6467 8202 5276 7294 5065 7414
27 3511 4616 5241 5251 2599 385 9289 5055 7466 413 3622 6829 4179 1894 3368 56 1741 9266 4187 4670 2641 4265 2991 5471 7553 7652 592
27 601 7343 8590 7579 1737 1907 9121 7356 1730 5509 1168 4792 5694 9780 5265 1952 9326 1887 604 7283 2484 7461 8252 9523 3979 1369 5988
29 3249 2512 7109 5829 4250 4817 4144 2853 3644 8289 8593 2183 3251 4294 4420 6174 2821 3571 9156 424 4709 786 7799 754 3717 1518 5489 2796 7326
26 4052 4068 1196 5826 7581 9235 1009 6171 7863 2066 7267 3961 8373 7221 4763 1291 6219 4528 142 2579 3098 1580 6667 5586 6598 3232
28 2098 7030 1036 350 2228 9052 8293 6753 7980 9324 8794 3430 916 1494 3677 7932 1886 6199 921 1703 1005 6799 4646 7280 65 5633 2067 7555
29 8057 9594 9441 9561 2701 9640 9936 2136 9149 7409 9812 3955 1069 4425 8476 1308 9617 5971 5154 9528 361 6605 8643 1078 2883 556 1484 3517 3708
31 2223 9417 1348 1745 2252 3225 3019 4377 1689 3774 2595 7876 1371 8222 3920 6453 4700 9624 5464 8233 6514 757 8467 3626 6201 7683 396 3719 2737 6542 9784
28 7914 8653 8080 4214 6681 7668 9990 3651 1423 987 3494 8371 382 6223 9671 2420 279 5554 7665 1443 6501 3352 1115 6068 9968 4274 4097 1766
28 1999 9887 8227 1377 3735 5148 5116 4809 5439 3544 943 9309 2811 5214 7912 9297 2750 2726 9574 137 1031 8985 1297 9074 321 6564 2716 8696
26 8946 1805 2069 9130 6016 3716 9719 4393 8418 3791 7195 3453 3944 4546 2034 2899 5688 1065 3433 4142 4780 5101 6397 4913 1678 4605
29 602 188 779 4622 1160 3335 4703 5749 2513 3146 7509 2204 866 4970 999 7635 976 3371 1619 2476 5684 8739 1378 2095 7618 8501 5562 953 3810
25 4935 8740 5476 5868 1390 4282 7513 2078 7097 7830 3941 1761 3464 4191 3869 2988 1164 1251 4336 2160 7520 5215 5507 3048 6974
25 4804 207 9522 68 7625 9484 3195 2919 5407 9093 9720 1000 4293 3942 580 6991 5212 3690 8091 668 2162 737 8485 3829 6159
28 3145 23 816 6234 6322 6556 684 7671 5900 5028 3794 5840 3321 4230 7682 5493 8984 761 6314 9245 4427 1982 3002 4995 7705 2781 6320 7649
29 2805 7539 551 4937 2860 9625 5619 4745 5760 1194 4292 2857 6129 4423 6208 5842 8757 8087 6958 5544 7085 7862 7480 7868 6478 732 1209 2901 6135
26 4768 2182 4802 768 8873 9975 9954 9376 1228 2068 5691 6448 3211 2364 4085 9534 6938 7762 6089 3861 4907 892 2828 448 1559 1651
30 6096 5482 4803 4944 5460 4567 8046 7866 5369 9531 6037 7925 9857 1244 6253 4603 5732 6134 9427 4534 5628 1502 7325 7372 3947 6 7121 6920 6008 9161
32 724 2765 4169 3383 8432 7485 3332 9241 8645 4997 3176 3262 387 8616 4160 9902 3923 8362 5720 4847 4738 1763 535 5271 5576 8127 3614 5593 8272 6029 1801 6271
27 5634 8170 6482 2930 6876 1322 3741 2064 6531 7390 3545 8769 1188 9681 5270 3458 7231 4819 1208 8079 1155 2896 2978 9099 7856 1181 2623
29 3448 9257 8850 8949 3503 5574 5912 979 7981 2552 1309 8437 8801 2502 8926 2475 1114 8396 6863 2490 2696 3230 4810 5558 5571 9620 4683 2850 5410
29 2734 3025 4338 4279 4834 4391 4278 9107 8493 468 7680 1074 310 48 6072 1530 2740 2663 9730 3428 759 1782 8881 4624 2264 8077 9164 6647 9724
29 8099 2803 846 4581 8143 837 1342 3348 4003 5238 7522 2859 5766 225 3401 9923 9469 3013 1710 8313 4429 9496 146 10 3498 4105 5795 8784 3024
30 8561 4796 1060 8083 9732 3557 2339 7327 6902 8791 1516 5390 8892 8094 7973 8255 4748 86 2315 7834 8269 4305 401 6290 3713 7090 4337 8268 1738 5280
29 6229 1186 8415 1080 3620 1178 3079 2917 6236 5769 452 991 7846 5869 7112 2967 4232 6170 3525 4372 2277 7269 1827 7734 7477 4270 1503 6673 697
26 5552 3815 9157 3579 2401 6419 3887 3242 1206 8665 3356 2686 2617 9430 5972 4051 3102 3736 672 458 4426 6339 2709 6881 824 7348
28 6933 227 5740 416 6677 2167 5875 5084 2511 4281 4782 8956 6741 920 193 6904 3740 7685 9843 3178 3374 1686 7457 3652 2170 9404 7162 1445
28 8103 7822 5377 7648 919 679 9619 720 6675 1693 1020 6849 8938 8142 123 8226 842 2312 5573 8 3658 9623 948 9476 4841 5918 4412 8682
27 577 8969 7922 2573 498 5744 8913 841 9495 4647 1650 8352 6544 643 758 2798 5636 438 4102 8719 1041 3994 195 105 9353 4437 6575
31 2717 3611 4797 2305 8282 4286 659 7087 6994 6874 437 565 4533 1214 855 9547 4157 5252 1403 618 4854 6641 2362 4932 2856 7972 2123 1313 5729 4978 4331
26 6423 4303 7335 1595 5210 9485 8328 9898 9087 4823 5913 6018 4343 4335 8860 3088 2488 7627 9333 3841 5091 8772 5344 3366 6587 5193
29 3183 534 626 3693 8547 3291 338 4948 5916 4874 1802 7990 6941 6337 9196 5519 58 7181 6249 9230 2605 3823 7904 2340 5776 79 5526 7817 6017
31 9340 8315 144 2244 9352 1913 1923 5229 1932 4692 9864 2613 521 7340 7213 6601 99 7556 8599 733 7103 5194 3965 3726 3397 6660 1295 5859 8228 5851 3021
31 9111 4766 256 7475 4084 5144 1659 2673 8970 8154 8377 9274 8213 4990 6882 9187 3585 3806 6653 303 2299 774 5979 935 5933 7339 4042 5430 8363 4353 3444
25 3831 6197 1734 5895 8701 2747 6218 1253 4953 1549 3553 7282 8149 6006 514 6678 8301 7954 9226 4979 8308 2712 4680 7470 870
29 8724 8177 5112 7724 4249 8711 3103 8500 3429 9529 636 9618 5497 95 4317 981 2245 6760 2118 5623 267 206 9026 6828 8953 8522 7837 7947 3913
30 3155 4398 9930 5181 9772 33 9457 2679 74 9127 1908 4092 39 1585 2369 1838 2130 5056 7676 1823 6004 3475 1274 7420 317 3084 5575 5536 3006 2634
26 2758 476 9756 9123 6211 2435 5596 525 1431 7450 4430 1698 7307 2970 6924 5495 3732 7366 5250 5358 5657 3351 9962 9431 4512 4329
32 9696 9360 5524 1143 3295 5520 9096 7719 2489 3100 5235 409 5659 6856 9593 3817 2800 7491 2979 6384 4555 3004 7476 6923 6101 8818 9924 1939 9916 951 503 4347
31 9168 1134 7394 3396 1123 629 9752 6922 2536 5925 7393 2122 4002 1618 9862 989 2462 2432 538 5773 3261 1157 6700 2764 1510 7905 8695 7713 6303 5432 3375
32 4960 4236 3339 2396 404 9549 1093 970 4487 7784 9203 878 4988 5451 8337 7587 210 3470 2219 7975 5043 7646 5663 9125 4537 2865 8075 7261 145 9768 8753 9895
26 3236 5535 34 817 9632 9097 9831 3556 4588 9044 9500 1121 7958 4284 9365 4276 4074 6962 9846 7959 3089 1328 7440 464 5569 9071
29 804 275 3665 8781 1140 3306 3177 6600 8646 8349 5637 1427 1172 2004 5504 802 1918 4538 4656 381 1332 3691 932 9610 9143 2572 4674 2099 5738
30 8858 9117 6640 1818 6421 6516 2838 6990 2937 5189 3487 594 584 8231 3926 965 7159 3419 5123 7624 7070 9875 3750 5234 5665 7508 3607 8132 3422 2451
33 13 1035 1492 4006 3264 5965 5368 5714 22 8687 5474 7472 972 4262 4835 1321 9217 305 4378 3799 4043 4596 454 5047 9275 4484 8287 8018 891 7764 6633 5050 4789
29 1579 4994 6030 5233 2013 9407 9565 541 6615 2071 7838 5770 55 3446 1482 917 6837 1336 4357 8230 8973 104 399 3527 9778 5317 212 4419 6202
29 6975 7222 874 6718 8464 7896 5253 4799 1028 1980 2132 7935 3228 3010 6399 5306 1137 669 3184 8056 7821 483 8838 5359 1881 7965 9866 8443 3399
28 8551 1531 271 5333 7244 9937 5499 9356 8526 3785 9548 339 1262 2645 8847 3327 8692 3337 728 4209 5363 3559 7490 769 5845 9474 4771 7021
30 4801 3562 9136 9956 9322 4739 53 745 3299 5170 1104 54 8391 1935 709 1406 4112 6204 5594 9199 8181 364 1979 9399 6818 2926 2268 5609 8768 5418
30 2163 596 3765 5258 9304 4181 2541 6978 5315 8728 223 8284 1621 5786 7546 9659 6777 1528 7266 827 8852 2427 8685 6222 501 2385 6722 4712 2367 9138
26 7849 6461 1924 5846 3866 4917 3001 1245 3205 313 7815 3360 6836 7882 3344 7888 4853 1940 4245 7567 2210 4615 8880 3404 7063 6014
29 3922 2554 6416 3903 5126 6304 2410 760 6163 3340 3229 1920 2354 4851 1661 9103 5272 3999 139 4755 6081 5155 8554 1543 843 2904 3634 3285 8307
27 691 5608 8431 4632 3762 6822 185 4758 4044 1083 7352 5096 9919 5450 3978 2108 8082 8034 6064 7634 6095 5902 2987 7600 7542 3668 8932
31 8544 5564 191 1410 7384 1024 1095 8111 3830 7038 2457 7670 9497 6951 1023 278 8129 9046 2164 1743 7274 1202 9657 6840 2553 1626 3936 9170 516 6164 5002
29 8090 9166 8297 7329 3259 5867 2129 6344 3018 560 2408 3174 3812 412 693 9794 6977 4623 1640 5605 1084 8635 18 7354 2885 9731 5774 531 5453
29 2440 3911 6445 1417 784 1542 1138 4589 734 1360 4825 2998 9359 559 9011 2227 8495 1400 3790 6194 217 4242 2046 1393 1798 6094 3872 6235 845
26 2672 7760 9445 5472 2933 3707 6634 4251 6652 6872 3543 9501 805 6483 1905 8414 8529 1649 9386 7425 9813 2721 9934 7004 7362 1627
25 3256 5944 3149 7543 3412 8620 5639 9126 4665 8159 4520 4986 2342 5259 8758 6725 1394 2455 2543 6981 9715 4197 2041 5216 5486
31 9106 5324 8952 2756 6966 8790 173 5887 7660 4724 2943 2009 7000 2534 2413 96 3499 6649 2473 9144 1075 4744 8173 6391 6662 8660 1385 3457 3633 8114 7688
28 1587 6683 6720 2263 7286 5022 6036 4089 8642 4031 4153 4295 4128 1507 2231 5539 3056 9070 2361 3739 7452 1699 1017 9004 4020 4923 2556 447
29 3902 1568 6845 2874 5086 6819 8410 6446 2680 9917 5309 1303 6375 1122 9426 9674 9783 8704 9210 2117 3307 6342 7711 2779 455 4222 2985 7908 1363
30 9141 7720 9755 2253 489 5351 4298 5850 8793 7415 4888 3431 7942 710 2520 4477 92 8773 5199 1613 6373 4133 7827 4012 1958 1404 9698 5712 5591 2217
28 7735 5147 1860 6778 6864 7482 8727 4642 4083 9317 644 7429 4919 9959 1142 7795 1584 1033 5602 4330 9746 6642 6196 857 9788 6076 3045 5618
30 4322 1425 1191 4715 9378 5456 9223 9477 177 4348 7473 7076 6456 7188 3317 2666 5695 9734 3418 4453 6558 7241 9479 1669 9686 3727 3779 8555 8782 3188
26 7080 7529 5967 5583 2912 4175 5433 925 1525 532 5488 6684 6100 1535 7889 6617 3928 4860 6455 748 5677 77 7164 7002 224 2388
32 9742 7494 2241 7380 7323 4018 9961 3619 9622 3439 8812 6188 3481 2705 8345 1418 2981 6338 1351 7093 6555 9000 7255 4790 3163 4155 1975 7926 7772 966 1533 9403
25 7828 6931 6488 6504 3118 8726 1725 4158 4444 2720 4952 8089 7312 4843 1571 8196 1563 1605 8922 607 9805 6761 2814 7886 8909
26 8644 2563 961 6351 4474 443 435 3156 6215 359 5664 3507 8601 2224 3343 180 3621 9693 2905 9221 5560 6838 5386 5231 7690 9438
26 2156 1826 3460 2963 7011 7842 662 9439 9338 2052 9677 2877 9983 4761 2372 8217 2466 3549 6083 5087 7263 1900 8672 287 491 2925
26 8097 5049 4392 1067 3951 5323 4356 7790 8680 9363 4223 9218 1662 9222 2485 9209 834 2407 8452 6383 6131 7303 894 889 6932 1199
31 3363 1833 9591 6155 1398 2138 2439 7840 9989 5802 465 9216 8604 6993 1029 2237 9424 1536 3287 6939 7433 1476 7920 9521 9265 1957 8658 9463 8298 511 7368
30 2381 4568 6857 4909 6580 2609 4545 3865 5763 6191 6454 8020 7242 8630 2300 3886 9419 8491 4143 4233 1646 186 3438 2491 4319 9208 2400 1655 4699 9841
29 8598 8504 7787 9459 5566 2293 7249 9055 7028 1897 883 21 8862 911 9739 522 2348 2508 8534 5399 4225 9305 3358 814 6203 7192 4345 2791 2084
28 5959 3877 3914 9751 2524 8050 2310 9499 5879 3035 9793 258 7989 2184 3477 9292 169 1413 6106 6604 4781 3413 9977 4664 575 7726 282 9478
27 8709 7448 8592 3482 4248 6731 9974 7361 3532 4941 4906 8857 5701 7238 7757 5040 4557 646 9345 8064 3539 9682 5449 4908 2844 8743 1596
23 4467 6812 3873 6756 9754 9489 9220 8264 4869 4344 567 8106 30 3672 4525 5775 3594 4618 2240 1902 6080 7094 2661
28 9581 9248 5537 6973 5448 1772 6551 190 5053 9575 4582 8538 8826 6809 5477 4893 7292 5340 4946 1652 2650 9269 2694 9193 788 1350 75 9558
29 2368 5771 2604 2906 2469 4082 4001 9546 5587 550 4844 9178 9833 9010 7443 5646 14 4244 568 3718 8354 3309 1432 9034 4959 8803 8749 1928 5240
27 8220 2652 1407 4311 9268 3040 5784 5757 5023 8262 4021 1962 6457 998 4328 2806 6611 3969 5164 2190 1112 6316 4380 127 7270 7537 7577
30 1965 5069 6980 4415 7667 5313 3997 2394 2403 9260 4040 203 5175 5890 2262 1402 6895 2631 4492 6877 2133 1901 9749 5088 3627 9819 8893 4479 3159 2016
28 9151 3128 1566 7020 9079 1210 8910 690 8251 8067 9116 1126 5015 7948 5379 4310 6492 9928 6193 3217 6694 9063 1129 6293 4552 9152 2783 2423
34 8595 6392 429 4442 8634 6470 8076 1821 8238 9690 4726 7046 403 2235 3889 7075 4448 5174 1950 8023 2321 8839 658 7786 8430 5722 5316 4571 1305 806 6762 6269 265 2288
28 8854 8654 276 9408 5416 4005 9494 8022 380 3234 1880 5834 2973 2657 3377 7626 354 8321 2702 7137 2285 6408 1937 8516 4026 1967 3970 5273
28 3240 2636 2496 3060 8565 2622 9708 9949 7748 2558 974 8939 539 3616 7124 844 3971 4868 8856 7314 4920 2376 9020 8112 6533 566 7050 6952
25 377 6992 9992 1066 7952 1600 4273 9395 2106 6711 6206 8611 7114 4713 9630 3960 8537 1234 9649 5203 6254 2533 235 8918 1027
29 929 182 1862 9128 6382 73 4530 2728 4004 6795 4938 4652 872 9092 6114 6908 4551 635 8370 8221 7083 1733 9102 6911 4741 1287 7521 9255 3580
31 1959 1062 6250 3992 5525 3560 9315 3745 9853 6225 1233 5192 1490 6484 3828 6362 8168 1828 4706 28 165 8163 5765 6239 9539 6709 731 6305 6480 9799 819
26 1711 7015 8481 4629 1612 1804 8564 926 9461 1007 6586 3314 6989 5093 5808 9262 6736 6571 1180 8113 5232 8060 6332 7861 7722 4576
28 1408 9797 9635 6699 163 1165 1854 5406 1082 2337 38 3191 6082 3508 5409 1848 3359 9465 1376 6834 4308 4173 2063 7617 6901 5678 6074 1154
30 9814 6497 8983 4896 8072 1430 434 1657 9451 7305 5480 9855 1176 3771 2671 5718 700 5827 4649 3142 4971 6548 6489 6517 6832 9113 3962 6149 5690 694
27 6950 7674 9646 5598 4514 4673 308 8581 2028 4163 4243 7104 5330 8621 5546 7081 1456 9088 7095 9578 2669 3214 7770 2275 9003 6806 6371
28 9888 436 8356 9636 1462 9242 5796 9172 150 6296 4687 7328 9334 5075 5067 1 1246 4842 5980 7254 1107 9433 6317 1812 5780 8750 1875 1648
29 5046 2890 7918 3701 6262 4926 3033 9165 5167 4263 6971 6033 4401 510 8137 4602 449 4549 812 1845 3263 8157 3257 1311 632 6921 1464 9444 4235
27 1641 8903 9131 5990 4716 6817 1299 7111 1668 7672 6893 2390 6915 6545 2568 3109 8276 5825 155 3338 1019 2626 1361 7951 4695 4539 4962
28 9049 4805 5197 1807 5794 2526 9200 80 5878 2763 4544 6997 4019 877 3514 2549 1673 5692 9901 9530 3591 114 8576 2308 8105 3800 547 8194
28 6330 8205 1909 7449 785 1236 4315 7755 7765 7802 4684 3759 6063 4139 7758 1616 7271 840 5431 4861 1803 2831 5180 6619 9045 3918 9481 7215
28 7609 3505 4480 1278 7180 9286 9059 1238 9889 7869 5811 9287 863 9704 2283 9935 8295 9867 1977 9519 50 9306 8811 2422 7604 7731 121 5054
28 8453 523 3860 7864 1644 8714 7976 1149 5822 9808 161 4749 9552 3269 4862 4470 599 5179 3725 622 6602 3586 1119 6431 8353 6442 9418 7364
32 2993 9688 5483 3455 309 9190 7751 1132 1242 9842 8943 8153 2495 7404 259 4813 1461 6851 5191 803 8107 7823 6682 329 7940 9357 9722 1447 3014 5196 4956 5698
32 4469 6154 6970 9804 9202 4933 2037 6816 1414 3520 8588 6979 6820 6515 2120 3284 8560 5730 5746 5479 9396 2045 5414 4606 8905 880 7524 6717 3041 1323 5042 6513
27 8502 3288 4980 9612 6869 1681 738 6754 1735 1792 741 5404 6763 7298 9769 8200 7615 471 9083 7403 8626 4061 749 7730 4590 9873 411
28 746 7031 7439 5555 3919 1004 2591 499 3297 4542 6183 5568 8066 6156 3814 507 9066 9626 7874 6896 6381 162 4463 9277 6631 714 8110 711
31 6570 8246 9743 5345 294 2608 6395 4221 5119 9973 135 5603 7612 6291 131 5239 3125 2839 9480 591 7548 7389 3613 5158 427 9637 7008 8589 2809 9827 5921
29 6613 6347 7566 7295 8120 6566 7359 4055 7993 6409 5124 1003 6398 5220 8713 4645 9560 7333 8767 1201 7562 88 8994 2812 2848 3218 7697 6663 7492
30 835 2086 7694 1855 3851 320 1882 8603 1218 2760 5018 715 5874 3220 3096 1352 5841 8671 5931 1987 2458 5753 2374 4651 3066 1718 9422 9296 4977 9958
29 94 698 5130 811 2201 2266 6244 2654 9368 6651 7950 7740 2424 8691 8031 2181 2723 5444 7913 7182 1966 7644 5300 5515 6358 4384 7805 4014 8392
32 4852 5756 4754 862 7519 7416 9076 5318 7191 513 7870 3362 3892 199 6354 4583 2615 623 7630 4207 4010 1286 2073 6477 5085 2250 7396 4196 3931 1136 5269 2349
24 3423 3119 9031 4115 2 8176 7149 6295 576 1329 3241 5689 1294 4280 1392 9717 9796 4595 1729 4283 9025 2189 8317 6090
29 4065 4870 1976 6655 8237 908 93 9790 9795 6860 111 7753 2878 9068 6502 1552 8319 5236 5288 6984 6734 4675 4029 2571 1263 9894 2213 6088 4585
30 5588 1768 7552 7985 7120 9735 2950 6057 2061 6912 1861 3637 3011 6460 1667 3389 8610 7212 4902 3466 6297 867 2871 9503 8559 8484 8792 4461 4793 1289
29 7229 4473 5136 8404 1175 8884 7381 941 3711 8042 6318 3110 2577 7941 2817 4578 9312 5484 2113 3085 6110 6443 5089 1475 6688 2211 2567 4268 8887
31 934 8184 5213 3640 6237 8766 703 2531 9943 3904 4117 8700 1852 4124 3863 2900 3849 5716 8722 903 6438 2047 1945 9550 5538 6041 2514 5915 3101 7460 9837
30 1187 2795 89 627 8778 606 5396 2176 9994 1671 1548 228 2325 8721 9256 3180 335 6353 2882 8086 4982 876 4255 7154 2962 3710 20 5717 1099 2894
27 5325 4122 6669 2343 2914 5693 2036 3610 9006 3908 353 7370 7596 4515 2033 7750 7437 4711 4024 9597 1878 1765 4619 9293 3468 8062 582
32 8607 5889 108 5195 3036 2096 1810 7745 8224 1120 6914 109 3094 7118 1353 3461 9405 302 7447 4441 6803 9237 2377 8101 37 4416 3208 8146 7852 2215 5044 7936
28 7901 993 8267 6092 6995 676 7880 8737 2303 9851 9375 3743 3456 1948 2893 9299 5013 3945 2127 2438 6071 5686 7583 7106 6435 7978 900 7264
28 4107 1468 5777 1863 5051 3278 8765 5570 5355 3069 9281 3105 7009 2845 512 8843 6792 9823 9114 1513 3838 8777 3015 4698 6404 3421 8631 6051
30 5062 8125 8078 9042 6910 7383 2024 5307 2801 1307 2289 9012 6010 5611 2010 7564 5978 8837 9525 3052 1722 284 8065 8802 942 3289 5870 3106 8314 5255
27 9872 773 3181 330 1442 3203 1888 5401 1555 1622 9267 1680 861 8688 4693 6884 7632 524 4668 9234 7204 3097 6801 4631 8542 5930 3386
26 7132 3991 2152 1275 931 8681 4394 9675 2538 5597 8330 924 5782 4424 2125 3552 7210 9595 9726 5616 5140 2729 4936 6498 6865 6246
30 2830 3592 405 9129 4227 6231 8204 5302 5277 4017 2955 9689 5000 8038 3896 6111 4109 905 1806 5750 4912 423 374 7666 3369 378 7399 9995 5681 1185
32 671 4066 7698 3782 5522 9665 7086 6359 8150 6069 5045 8260 2276 9844 2464 9666 1927 153 490 7585 763 3617 7565 8229 6880 7306 6782 7152 6798 1150 4963 1212
27 9054 8948 7042 7176 1794 6309 6437 9870 3784 2722 9056 7875 5601 345 8334 4637 5187 1341 4438 2022 3788 1586 9508 3930 2938 3734 8225
28 4189 7358 5237 7603 5005 9669 6286 7605 2542 3850 1915 3893 6145 1146 6530 3824 3776 3077 4499 3933 4508 6825 8058 3196 9971 6189 6546 6479
26 3153 667 3623 6152 5706 7467 1839 4562 6750 8577 6138 8686 9672 5373 5447 3884 9922 9551 8806 1843 410 7998 5261 617 9991 2936
31 3190 552 2777 8980 1422 6242 1131 4639 3272 8182 5506 868 7059 6582 838 4098 7012 274 4421 887 8667 8459 6458 9132 5888 2294 2405 2706 120 7165 3436
29 3720 3209 4974 6936 1776 1152 7375 3420 117 9815 4864 5699 239 9280 4351 2287 9 2690 1578 9541 9926 7465 4620 6774 1943 3308 2670 2267 6625
26 558 5952 4327 421 6765 572 6205 3275 6473 4028 5304 9303 5230 4288 7803 7310 6739 5891 3787 3673 4721 9023 4798 390 4897 3120
28 9284 9727 9685 502 9811 6618 6744 4900 4137 9760 2465 3981 6945 1057 904 6759 1450 5640 9684 3862 6769 3542 4580 467 7938 3540 4901 2907
28 4830 3704 810 2365 3201 5423 8865 1293 252 4630 7462 4064 8507 2080 5443 8283 7200 1656 2733 8822 9146 8427 4121 9576 1834 1454 6680 9018
29 3233 7704 49 5206 3844 4152 8093 7369 6328 356 3986 9952 2802 9367 8338 8341 9596 247 4879 2665 6568 2566 4705 692 9904 7123 7741 8694 8548
29 7320 8440 8134 375 5705 5435 7561 6361 5508 739 3134 2314 9060 4723 3747 414 6120 3728 5335 9048 9656 372 6289 8117 9080 8774 2380 8805 2436
32 3384 8870 7982 3575 8549 2569 2279 3243 6276 8398 615 2548 2124 6646 6388 7515 2658 2692 5899 9429 6140 9313 1362 897 8998 3996 2559 486 6867 638 2565 4915
31 4949 7205 528 9073 4710 2358 3465 2027 8627 5935 3678 9090 4376 5063 6772 1783 9852 4836 8331 8156 853 7302 2545 9667 7332 5937 9987 1607 641 2494 9604
25 9443 1896 2330 9984 7183 6402 4307 8506 7304 5382 2897 6143 1496 8901 2564 1379 7373 725 9631 8510 2054 1015 8195 6240 6413
27 5832 4759 8003 2144 813 319 6866 8325 9089 8511 4564 6892 1892 5943 6953 9807 5807 4626 1159 293 7658 6366 2088 3083 4540 4707 8180
26 5673 9826 2012 7230 8624 2908 2298 1883 4489 5106 865 6272 3730 7199 2193 2945 2593 5060 3976 5563 7168 9331 2784 3993 6573 3748
31 9714 8424 7871 5534 3367 8746 7915 425 8783 7614 689 2188 5080 1102 6321 4414 3432 744 6505 4928 4451 7311 9171 4013 4468 4688 5809 9542 6656 2157 8670
29 7781 4447 417 9747 7890 5308 8052 8651 4969 9406 1354 3742 4290 5974 781 6742 5758 4033 9587 5357 8947 727 3294 5961 6108 9774 936 9192 4644
30 4260 3632 5008 6093 4701 3534 795 2966 9648 9467 3802 3825 3194 1032 2761 8489 5104 8029 1941 2910 8921 1072 2356 7360 9865 3938 4369 3940 7970 9452
28 7995 6785 7707 9224 7728 7408 250 2433 3122 2499 9910 4130 7939 9664 6166 2872 4059 1169 4389 7160 7797 1006 4039 2115 6909 9064 6732 578
29 3187 4765 7402 5886 2815 5945 6485 8281 4734 2375 4413 881 3364 6386 1589 6873 3250 4332 6048 6689 8571 8703 6886 5719 4360 205 1022 5275 6588
32 3832 3265 8399 540 5226 3518 8257 2770 9302 2689 204 5010 4136 2539 5367 8115 600 7725 1495 7040 478 6020 2035 1624 5709 7933 3459 2510 9342 6783 3381 6061
30 3104 6062 3171 6407 4784 8957 5125 8036 9339 1039 4062 3330 2426 4316 2114 7844 3983 1416 7273 2592 2023 7446 1591 2347 6086 8043 9374 4961 3529 6173
28 6198 3361 8286 1415 4607 3907 6274 1317 8876 5793 2355 4743 2082 5581 3213 9421 388 1116 6831 5788 5172 640 1728 9244 3522 1540 4256 7559
27 9371 3210 7331 5 8958 7541 3480 8460 4193 5314 5297 5848 4598 9344 8189 418 7438 5853 8379 8563 2621 8632 1877 5926 5257 6447 2103
30 9488 1204 5113 7219 6983 2147 1822 2687 3625 8499 3606 7785 1933 5411 4930 1504 7236 8866 5927 4491 4301 3200 7977 2437 9978 9613 3354 2273 2952 7527
27 4760 8407 2858 9515 1985 4386 949 3114 2601 4396 8532 2011 1182 7884 9177 8807 6471 7248 1190 4686 9972 9840 9766 6169 9383 7187 7899
28 9692 8995 7014 3323 6032 1631 7278 5510 2207 4519 3290 1972 3888 6450 3073 2006 2684 7479 3792 9142 7252 9364 6053 5985 616 7934 9343 3143
26 3042 910 8053 8615 215 9915 8201 7078 8309 4174 6574 6976 7554 8558 1050 2246 8403 7198 4816 3749 7523 1974 3842 3072 1773 7820
30 9246 4922 5209 229 7279 2992 7202 2799 2646 1002 3548 2153 7853 9810 6861 8461 7189 7832 6789 829 4234 2628 6608 2638 5305 6929 5736 1345 3403 9346
31 9053 1746 9227 5041 9115 8966 4795 6500 1944 6523 5862 9051 6486 5894 8348 2581 6376 6050 6146 5923 5929 5141 3793 5932 8747 859 9148 2094 2915 6012 7456
26 7337 5595 4259 1051 1961 1547 4858 5142 9762 1524 1045 6406 628 6044 611 4146 398 7127 8817 6679 2072 9101 2345 8024 5513 1993
32 8372 4611 4807 5917 2633 2049 5066 2301 1167 6847 4691 7334 3490 7645 8512 7493 4213 6451 9387 1517 7848 2997 9981 4563 1850 5676 4138 1288 9094 5897 1921 6172
27 1788 8523 7006 4910 1448 736 1340 8381 7190 5350 219 1630 8185 8426 3927 6326 1161 9473 2974 5892 2199 8433 1811 2119 2306 4762 7887
26 2823 5837 3312 2769 8074 1779 1016 1677 1865 4229 569 6367 7077 8675 3963 5956 4742 7943 3189 1696 3023 6745 6704 3958 4690 7260
31 5801 1831 9702 5632 2218 879 2238 1759 3648 7597 7766 5951 116 4617 4161 183 263 7778 7578 9162 3000 8344 6771 7902 4008 6311 3664 7174 4635 5551 1177
28 4494 5941 9589 8829 7865 1674 7988 1243 2021 9502 997 9300 7893 2704 4129 9409 5003 6336 3372 5893 6589 4362 5243 1538 7463 5402 8978 9700
34 7545 3551 2005 6620 9384 1283 4126 1420 5523 7629 5647 7767 2076 3435 1320 4417 9707 3301 9091 9077 1224 2411 7710 9758 1438 657 6852 2398 3688 7843 7903 1106 9643 7234
29 8085 5336 5387 6664 4573 2519 2637 6393 4931 9733 4145 1647 5289 3136 2683 8882 369 7206 5622 3329 9897 5283 5143 3624 2248 8965 2585 3530 2254
29 5645 4060 3827 3856 2535 9963 1217 3821 3166 8668 8458 3975 5847 2743 5122 8975 2949 3638 9929 9920 1814 3538 1337 4291 6943 6360 1473 9748 2338
28 7382 6214 5529 9806 2746 8820 2674 1368 7592 8131 5434 9327 5118 8413 6591 7146 461 6528 6285 2861 3569 8785 5824 4367 5660 7968 2957 5987
29 2234 5703 2399 3763 9816 1740 1760 9986 4116 610 6263 3398 7531 4375 1914 7681 2333 1732 9239 9512 1296 5381 7987 6077 9886 9001 103 8037 2497
28 6261 7574 8207 9019 4757 393 7317 2274 2083 4828 5425 8350 6508 1885 6743 5248 8135 1043 9911 8054 7224 8045 3712 1237 6038 5365 6422 3082
28 4114 7979 8513 6117 5349 2395 7650 3417 7703 3379 2935 6612 3199 8859 9232 2447 4740 3046 6529 8359 5364 8169 1529 621 2990 2371 8351 6898
29 2921 2332 1753 9951 605 3703 682 1282 1602 5975 3670 7400 5249 3061 2015 3067 7218 1611 1645 7504 316 5408 1628 5391 8011 2620 5849 7907 4821
28 6021 8183 2767 8193 2137 4231 8609 4452 2039 400 7037 5327 1642 7344 231 3657 4509 5246 5655 3093 8674 7451 9108 1279 2478 5543 1615 8816
29 9475 8698 7309 2766 8992 2053 3541 3037 3667 1310 5413 3407 8877 3807 9800 2324 8999 3885 6195 1026 6536 1356 3022 7967 9661 3547 937 7424 4625
28 42 9584 8613 2085 8421 7845 3182 3984 3715 8798 4047 2050 4147 2833 5804 982 9169 3890 8869 260 8473 6560 983 2501 6499 1010 3554 3057
28 2209 1846 1205 9850 2971 5949 3443 1012 7675 7291 1564 5100 564 5578 4148 5731 2226 5565 6900 3378 9061 3990 3699 9557 3328 4532 3030 8770
29 8299 5388 3471 7458 7528 9027 6643 5201 4289 3300 9628 4382 1451 9668 7763 3376 2625 7350 4220 1617 8716 9569 3141 4681 1375 3451 9900 2467 4131
28 1472 6610 6603 2578 9874 9803 6112 4640 4524 8974 7771 5429 6178 4081 1963 8762 9122 3408 5487 6270 8357 2421 5995 8241 5225 8218 3059 7341
29 1824 7633 7638 1148 6635 1597 5654 6099 927 2983 9885 5068 1435 2924 1215 680 222 9021 7591 7684 3414 3751 1077 1086 8179 8845 5256 7608 1428
26 7186 1599 9075 9699 6283 8872 3783 2232 4264 8602 9809 858 9179 7696 6998 1391 4752 2208 7530 4848 1731 1227 1820 4352 1739 5392
27 2550 9960 1312 446 8586 4529 7878 6538 3905 5384 3546 9655 9906 5909 214 2387 4149 7365 4669 2688 7064 1500 5437 6569 2008 8240 3901
30 286 8121 4091 2472 7442 1239 5683 5102 6854 1219 620 5983 793 6780 4547 922 8390 5540 9736 2026 9614 9511 4876 4859 9291 2197 8712 9642 9188 2810
28 3581 6982 389 8927 3411 9251 5860 484 3212 1898 8562 394 4511 1744 2014 6462 5072 9276 864 7550 4899 5039 1254 3274 3467 8092 4871 2681
27 1030 1956 7611 69 2346 7185 5360 141 1694 6814 9464 2428 8650 379 9893 705 3007 913 7892 1183 3729 6636 3493 573 8068 1635 341
27 3636 5030 5077 5658 3266 208 6779 7768 6212 8517 2313 7835 7257 2056 7321 7007 8401 3400 923 9471 9639 1857 3510 8100 9579 8167 2879
33 9543 3533 7148 9966 8063 3764 5188 9238 5759 9182 472 323 2030 2178 4440 2165 5427 115 6350 938 8148 255 3244 6023 8868 7945 1685 3577 1474 1874 4811 6377 5320
28 6897 7175 40 4455 7147 7151 8991 2233 2194 8760 3298 1097 4591 406 5095 639 8908 985 6949 3252 1506 1481 6019 6013 8164 7801 6947 126
25 2713 1573 1037 5613 4067 8273 7406 3215 1519 1248 7776 6137 7346 8109 6432 2341 2200 6695 433 8676 8102 7055 6988 8916 3663
28 3492 8472 6001 2198 3536 571 4304 7203 7240 2562 257 9818 1493 9261 1498 4215 3662 5733 9337 2676 6525 9789 695 7048 3687 2969 2630 973
28 625 3775 1590 2350 1926 8327 8375 1487 1562 431 5222 4500 6590 331 2148 603 3568 4934 2070 807 6526 9062 485 8343 1594 3840 4714 4594
28 2452 5097 5245 9621 9817 9629 397 1174 2097 194 5281 5533 4943 8960 1632 9676 5131 549 8795 2827 4731 5589 9318 25 9947 7921 7568 6835
27 482 2417 1139 1049 6710 1133 456 243 7503 5137 9043 6226 1272 8210 3639 5385 9998 2580 9085 2196 7498 6986 5110 240 6650 9544 647
28 2139 5798 7699 3702 6554 1412 3604 9329 8274 2989 4785 799 683 9683 3852 5415 5321 6805 9468 3140 3447 8637 1449 9687 5372 8683 6561 2480
31 3590 5475 8503 7084 1429 6464 209 7296 7580 1259 2808 2643 8294 7873 5833 8355 8242 3939 505 2290 8570 1569 3395 9301 9377 509 4422 6390 3071 7911 6491
27 4397 666 8386 8733 4476 1055 2644 9745 6630 5687 6606 5405 1034 6624 7737 1265 5617 2662 8069 5468 6913 7342 517 5907 4791 5007 3279
28 9662 8447 3694 2003 971 4395 8417 8001 8641 8358 6385 9821 7706 1721 3246 7167 9513 326 7051 3276 765 2363 7376 5764 8955 340 4875 9358
30 688 8961 7496 8745 1715 171 7253 2841 6049 3158 6436 4178 4079 8864 3028 7620 6698 2888 5026 324 1240 6468 8280 9605 6858 3224 415 8776 2582 6216
28 8172 5503 9039 7575 2058 9955 7349 8477 1444 6449 2606 4667 7860 8883 7924 2975 2453 6107 520 8449 1869 9253 8736 7386 1891 6626 7272 5953
31 9890 3756 1387 702 4966 6005 6493 402 6519 6559 91 5547 5818 4379 7288 6716 7237 7072 440 4086 8198 4464 7964 5025 7857 9181 9032 5882 5685 5033 9510
28 9282 6796 3932 9940 3847 2868 2477 1207 7610 5412 9007 557 7388 6345 4610 7673 9896 7098 4405 4333 6723 5494 783 9713 5221 1399 2007 4678
26 3516 4458 2304 1758 2048 930 6752 1609 1302 9979 8552 8639 7859 7033 6518 1789 4609 2402 5362 7145 3689 6116 469 6308 6325 1397
29 1817 3679 1021 5109 128 3757 2916 2057 675 9308 5183 886 3320 3127 2077 4522 9411 8982 7506 3115 506 5019 9903 5459 7518 9030 3601 869 6906
29 9858 1437 1100 6374 4408 7016 9462 5969 5133 4497 1526 8455 8814 2984 3897 4955 3325 1073 3523 1922 6241 5873 9486 344 4981 2075 9580 8959 9914
24 7642 5057 1842 2736 2479 9504 4048 8235 7526 2415 2474 2891 1636 5505 8288 9214 5328 2575 2025 7791 1470 1079 1946 4275
31 5876 4119 3968 1260 6520 3898 5682 7022 3780 1151 7036 360 4504 7355 4383 5606 2753 1866 5485 8138 7170 8930 8428 5099 6335 7166 9398 5805 3008 5208 2107
32 8896 314 7689 3005 3238 7752 2323 6738 2843 8040 9562 4431 6878 1489 1170 5947 5752 7700 8972 2757 3754 6685 8071 5641 2471 9680 4905 1333 426 5877 8385 7502
26 2772 9988 4824 130 589 6859 3170 4465 4889 7419 3277 6192 3495 3108 4226 4704 2087 5607 3593 2174 5380 8070 3474 1791 8771 4087
33 2996 9446 8400 3682 8277 3186 9533 2642 8933 8518 9634 3058 6707 5352 4914 4918 4488 2111 5884 8804 7141 1101 6031 8388 5624 312 8247 8981 2667 7474 4682 6755 2994
25 9038 701 9236 555 8968 6550 3427 3608 6773 8008 9207 428 5346 444 66 6894 9449 242 2597 9022 7738 7804 4685 7839 2518
30 9740 9868 7937 3333 8438 4046 1198 9848 8322 6824 5704 3454 6999 8015 7953 7099 318 8425 4023 8656 6788 8059 4269 2109 4927 9082 8187 9723 6496 3116
28 7256 3496 3075 3322 8717 3722 6000 9583 800 1118 1708 5768 1749 5073 8498 3370 8333 9570 6087 7971 7017 4558 6273 7647 7717 6415 7066 5517
26 3491 1577 3268 6481 706 4313 939 7489 7405 2960 1683 1349 648 5661 832 6182 4776 2660 5627 4324 6281 8929 8567 6052 5559 3769
27 2922 7235 5984 5185 1588 9258 7436 9540 1917 7209 7377 8976 8844 6811 4090 8175 6712 595 495 1625 3483 9167 5725 4840 181 8596 8265
31 9014 2855 8346 2555 6767 899 4597 5218 7142 9362 1189 2735 9839 2629 4822 8482 1070 8124 2187 8155 2445 6315 4604 9516 3165 4000 1815 1576 7729 2456 2523
25 660 839 3811 7060 3881 4975 3151 2001 6690 373 8536 3778 533 213 3574 285 3967 1663 4536 7486 2393 5649 2953 2587 9212
27 3766 7047 3385 3 9568 7974 1593 7347 1127 3280 1679 8013 7877 8963 5767 1853 6594 756 4159 6165 8900 6593 3948 8305 1916 2594 722
28 2698 957 4166 477 8445 1373 4076 7927 8528 597 4127 3055 907 1145 1068 6786 1469 2270 5422 742 3365 6691 3597 1583 41 561 7422 6787
29 4967 3772 5898 3582 9382 2506 8718 7379 8488 5090 3402 8144 642 6954 6426 3437 7044 1537 7069 8048 8600 4569 441 6583 3649 4600 3074 9770 2980
28 6319 3929 9942 5675 8017 9891 15 8673 3090 6609 8617 4101 2500 7025 4410 5643 6365 6387 7783 9319 3561 2486 349 2627 860 6490 6843 9354
28 7855 8039 656 6258 8699 8890 9454 5863 5976 7598 7091 3798 2610 9466 6540 1840 6334 9017 4299 272 7686 9608 4108 1859 9828 8539 9645 8096
25 1386 1816 3781 4200 132 8494 7607 3777 2055 7847 3846 6176 4045 7557 3684 5652 1606 5205 4216 5762 4036 809 8174 8574 9555
27 9764 7606 6770 3733 1076 3292 5580 4358 4194 7743 4831 301 8821 7247 6721 9389 8041 5421 3924 6917 11 1374 113 7754 6907 4820 2719
29 654 5721 90 357 4053 1300 9571 3185 8469 1011 5279 6085 1544 1147 6665 4218 9712 9598 7079 9644 5165 8380 6579 4038 8192 2862 2516 6955 8629
31 2146 7984 8851 766 5680 9773 9825 4621 9880 9854 619 2947 1389 9414 7831 7739 4727 1973 4570 2319 342 9938 776 4572 8648 6324 9950 7841 7806 124 6091
28 2378 3452 5653 9980 5797 792 8316 1603 392 2867 8899 8435 8761 1830 3113 6079 9647 4359 1284 2932 1755 9514 1357 6161 5032 637 5635 8945
30 1925 4878 8579 8324 4195 8162 5224 2018 2195 6267 4095 6693 778 2724 6060 1856 6433 1453 6403 5778 4846 9369 3029 44 8987 497 4947 4339 2668 6614
27 2414 7576 1038 2205 9219 4030 5052 7931 1676 391 1899 7459 2780 7385 4312 8367 6127 3245 2742 6070 5342 3998 8197 2143 4965 9650 3808
29 8669 1752 1614 3954 288 5303 9599 5157 2158 4559 5440 933 4212 1292 198 9024 8587 6487 5103 5816 5339 7818 8664 699 7281 5747 7966 7478 2786
27 5266 2607 9933 3027 968 6844 9721 9725 8569 9254 4168 4435 9278 6552 8254 5958 3319 4404 3342 6333 7594 2934 614 2269 8891 2902 5211
32 1942 9538 9037 2145 6284 9263 5244 7227 1610 3167 8623 7082 6581 5291 6238 376 9002 4750 6628 4070 1748 8612 6047 1324 5011 752 7659 581 6524 4548 4832 8799
28 8128 3833 1670 5908 5669 4996 7026 9907 1229 5301 2525 8245 2923 2818 2382 7558 5001 9040 1757 7225 7535 3935 3426 8789 6465 7100 7747 5638
29 4904 1359 1809 5151 1250 5670 6472 5322 7071 9835 5530 9158 3449 4371 7290 7378 2889 9553 2521 508 97 9801 3789 5445 4505 3988 818 6055 8964
28 8545 9435 4170 2847 3845 5166 3573 9272 7483 7117 1163 67 1483 5817 6644 5081 64 5799 1523 3566 6109 9036 8738 7602 6776 2804 4708 98
29 2091 7511 5492 1380 62 7116 4478 6167 5012 8808 8466 1436 4199 6719 6841 6607 3880 1903 3031 4211 847 5469 2177 8527 6532 2257 3589 8409 519
30 5254 7639 2954 1014 6623 4015 771 9270 9314 833 7068 5024 7150 2944 3605 3567 6220 7628 246 6401 5572 5319 542 7411 9710 3909 4354 655 4767 4254
31 1512 2090 5014 2583 273 3283 343 2242 4627 9491 1064 5904 3336 9067 8659 1405 7589 3686 7692 3596 370 801 7563 1478 3478 5466 2537 5948 3038 4747 3767
27 9957 726 9695 4650 5082 2782 9391 4205 2774 8258 1986 8145 292 8925 7809 4258 8259 1156 3255 7716 2773 4462 4608 1266 7789 6264 2942
30 5939 9155 2711 5263 5461 6299 7769 6793 8123 2230 1889 1695 71 6948 7265 3409 9098 4118 5672 5078 4849 5735 828 3135 2454 1762 1001 1071 5707 6627
31 7297 5149 1491 1285 1267 7721 2677 9456 5163 1707 5512 7693 1643 9993 3835 5600 1742 7001 8614 9653 7732 6870 2159 9206 4409 8962 6356 9927 2498 362 9307
30 5955 8566 5156 1059 2710 8454 408 2771 7812 1419 7761 9247 7712 1879 2171 1261 6850 8702 875 6043 3357 2102 4999 1947 5996 6503 2881 796 960 7774
25 1813 4246 5262 6925 9147 9229 383 8679 5856 7484 6672 8967 5964 5854 9264 9323 7129 3445 8531 129 9201 9679 3816 5470 2561
29 2191 4574 7161 1700 4309 4472 2175 6015 184 4334 8248 8915 3175 8279 2632 6905 6400 1058 6067 1232 3676 3219 1790 1527 8533 9765 8270 977 5561
29 2517 6729 5557 5668 8073 6379 3091 4454 1081 8025 8840 2092 2826 2759 9290 6807 4162 8419 3550 1230 1844 5992 579 8160 8030 4381 2789 5950 3080
32 5160 7395 3324 4217 3442 4507 1750 6553 4457 8004 9728 5290 6310 4180 264 1876 7808 5880 9985 4399 4554 8361 9402 5981 5120 5337 9912 651 3349 2386 202 7010
25 7179 6890 747 3050 5516 2762 6944 8904 9078 4579 5347 1056 8886 2060 8190 2425 1623 4911 4863 5710 7073 9028 8084 1629 6596
29 9211 7324 1339 6102 3405 4323 5168 6740 3341 8652 7824 7525 5442 782 5839 815 1832 112 4103 4035 9566 797 8735 1978 451 2959 2134 2528 3818
25 4077 8152 5997 6766 4009 5671 2322 7872 2280 6813 609 3441 1458 5642 5614 2131 5389 5111 3032 8706 3111 1716 4973 3062 1911
31 280 1109 8797 896 3009 6073 590 5376 1222 7777 1837 8253 2020 4696 3147 4072 2326 386 325 3248 7573 488 5754 9602 8408 7616 4877 6059 6266 946 7194
28 4501 687 2442 5855 3267 791 8541 1193 9231 5083 5963 7549 7919 1774 4373 7701 7881 500 9401 3526 9259 6592 1061 4984 6153 8374 4643 6830
33 9243 6200 7708 2640 7367 8936 4252 9892 2318 6233 1620 7709 8931 8861 125 2730 664 4167 955 884 7514 4653 4198 1388 1331 7669 7505 8165 1105 4518 3161 5779 4171
28 1125 4634 548 5545 1025 3410 6427 996 5742 8483 6674 9750 2416 4925 5219 6175 1858 1598 244 1992 9879 3977 2104 4228 7413 7371 1705 8941
30 570 9288 159 3972 3598 3150 8261 8250 6007 1440 6300 4025 3304 4577 9654 1870 673 9830 5394 8800 6247 122 6733 7101 3450 8002 3207 4895 5928 9918
28 445 3937 5914 5127 8950 6563 6658 8285 5610 0 9771 9482 2852 9135 1829 2739 5299 6045 3068 967 2880 6964 8088 1479 2866 8810 9838 4037
29 3076 328 7569 665 5612 5400 8756 3680 1777 8834 3086 2835 2100 1796 7308 6026 4992 3463 8519 8707 5866 4203 298 8515 1316 7677 950 4516 1298
27 9328 7794 61 678 281 107 1485 5490 5059 8573 8332 984 8051 5287 6124 7133 8303 1582 2081 5651 1108 9948 442 9535 8236 7850 6810
