18 3156 6119 3596 7120 7515 4495 5892 5829 5371 8415 2302 2400 958 9063 5058 9323 3455 1653
22 303 9820 1430 5473 3753 8502 9000 6563 636 5864 7333 7890 3372 2570 1567 5608 8655 1739 4548 8396 430 195
23 4839 3051 5868 7931 8551 8298 2248 6009 1471 7622 5347 1461 1583 9758 4201 9302 491 7473 6211 8097 7888 8862 4186
23 4094 9559 3029 7224 3475 5995 2395 4384 7629 9425 5622 6319 9506 3803 2826 1389 3577 6126 3095 5073 5832 1147 452
21 5497 4948 8395 2539 8597 4314 9983 9866 7167 2793 8250 4964 3508 7439 6130 4668 2734 5609 6522 5270 638
23 1335 284 1864 4227 3267 7148 3799 9410 4441 686 6446 6469 118 4234 6382 6276 388 7932 5418 4570 6931 900 8301
9 445 4657 7468 2325 9659 738 9674 4210 1718
22 3580 4208 5182 2233 2132 4663 8148 2128 1168 5952 1499 72 6561 4960 99 5577 5276 3486 5319 5834 2133 1086
25 8703 7040 6784 1220 9273 5500 6896 8300 6420 5541 9175 7683 3650 4748 4535 2365 3502 4179 2378 8829 4237 9007 4479 764 5179
20 1138 6132 9738 8072 724 5472 8421 933 9718 5909 9232 9855 3142 8205 8041 1292 1238 488 2055 8594
22 4059 1773 8782 2402 8768 1186 7370 7661 1365 6856 4036 1196 5483 8958 9989 3831 9689 2763 1792 1890 4506 6991
24 1992 5866 7595 1013 7525 5710 541 2319 5593 1999 4244 4827 2636 7715 4202 7354 7240 8678 236 7596 3031 1019 3132 1658
27 4377 6536 3325 1489 8079 6474 8590 1266 5981 267 2360 9539 9233 2766 8504 6798 227 5196 7082 8315 6436 3876 1026 8452 188 3662 2617
23 2949 159 7246 9109 4117 4264 2513 4029 1747 8439 5552 8030 177 2476 3649 121 6117 3296 8478 2631 4680 8202 1374
22 606 5335 4536 462 3122 55 8667 3278 7610 6116 4560 9092 3177 9310 350 17 8935 2643 6489 68 6573 1704
27 3444 417 9561 9752 993 7193 3443 6268 8530 6734 967 305 4746 1531 4565 2466 9491 9260 1600 2391 4943 6837 2218 3719 2103 1403 3386
24 7318 5887 7709 1309 6333 7847 9194 6102 5929 5041 8562 6006 8692 2012 7695 9762 5164 4081 9861 2719 3093 3448 51 1020
16 7429 1111 739 3362 5792 2611 2852 373 5487 9021 238 637 8398 6500 26 4803
15 8292 9619 7422 6218 7645 4050 9376 1551 3121 7613 2067 5247 8755 4103 737
20 4435 4450 8447 7237 1218 120 1338 7259 5194 50 3962 7529 7308 8759 9519 1234 1581 3853 7054 1230
22 8630 7188 2992 146 3775 4965 5163 252 9101 2033 9630 1474 4470 4389 1130 2057 4169 2555 8487 1383 2550 8877
17 9084 8198 1480 4652 39 624 2254 7075 9603 2616 4463 1648 1661 9775 3369 144 6273
25 8518 6202 1040 355 7922 2626 3222 5124 6375 8987 3382 7273 2085 3590 5271 2452 9672 8743 4946 5833 8455 5515 8087 7257 2138
17 5018 6851 8962 3735 7464 1493 3678 6658 345 564 9877 1397 4731 2864 304 1244 5244
10 9888 2651 4467 3534 5481 7453 9746 6760 5676 1006
20 6807 9316 9289 5082 4939 1639 2505 4584 5519 3136 1421 6142 8307 2396 4229 5737 2456 1822 7112 3218
18 9913 4532 6925 782 692 5211 2884 5038 2483 9028 4431 4632 4684 4126 6334 6621 8454 2704
25 5299 7451 661 741 6582 949 8150 9795 2179 689 3910 9419 1181 2051 9593 8383 8353 1124 5518 3720 7563 9589 8839 1261 5266
24 1815 1986 9104 5237 697 3065 8970 85 9407 5453 6272 8181 9894 2018 1464 4524 2186 5290 6140 1116 4434 4859 5318 2196
23 9675 4494 7456 4772 3765 1920 399 7570 3894 5292 963 8359 4903 6904 5660 3592 2849 2003 1268 5455 2976 9971 1137
23 7952 1346 7226 5569 4555 601 6930 886 3999 786 5708 5724 5106 5532 3979 9621 1229 7765 9124 9596 9210 9781 792
21 2576 6922 5295 7309 1676 9052 4406 3130 6283 214 4038 1065 9880 7858 6072 7247 3917 1133 1683 3591 220
23 2296 3697 5853 9595 2928 833 4940 2710 979 7735 4278 6362 8496 288 6406 287 9643 4745 9014 2219 3254 160 8163
20 1209 4914 2738 8187 660 5620 3220 6961 1194 4801 3841 4629 6077 3018 5252 8858 1969 2728 6229 2650
24 1664 726 8062 9362 7381 6638 8324 3565 3454 8821 256 5627 3339 904 3900 3194 167 4780 9051 3143 5207 1909 9399 8036
23 3457 6903 9830 649 2393 3925 8918 1716 6741 278 7750 3751 3182 7331 5199 5648 9324 7022 8810 1279 9145 2819 1887
22 1993 892 7864 8713 2982 5885 4270 5849 250 408 6262 3963 9583 3895 9098 1832 3389 1291 9622 3932 5685 868
21 190 6023 9406 4666 3986 1281 1647 2213 1629 2590 1508 2803 2438 9662 4810 8092 9826 4620 6210 9577 1549
21 8271 5554 5636 7448 5994 4784 1392 4698 9039 3328 8135 7935 4932 8819 4381 6962 6796 2157 323 1514 7437
22 6783 856 6541 3510 5188 9474 3 7397 740 2081 3813 5228 5556 9342 1673 8186 9373 7752 3627 9032 4735 4383
23 6135 3442 2181 934 3773 2439 5451 4947 3416 4878 357 4335 9408 7420 6083 4708 6622 8570 6394 7800 2347 6782 2223
23 9020 6718 7129 9138 3663 9657 3970 8659 1604 8493 9110 5180 1477 8116 7076 3472 6440 8657 8286 4284 2595 729 3349
21 268 6740 3901 728 8617 6730 4105 4549 9821 4835 7635 3736 3118 9295 7644 386 317 1014 9413 7261 8002
18 7293 9137 4661 6942 3147 9784 3432 4107 1265 2743 5422 798 3226 1152 4188 8218 3099 8131
23 5113 4056 9466 6618 4907 9158 2332 857 1913 8688 8284 67 5313 5383 4619 6578 6972 3481 5146 5928 5989 6701 1552
23 6115 3632 5535 3646 3623 7245 7000 3173 8583 1767 5074 7637 4889 1458 9924 6320 5026 2630 4082 4460 6789 1454 108
11 1528 3398 9037 1046 3740 1294 3321 5867 7268 12 2848
25 5192 9409 4544 1222 7103 6493 463 9238 8827 8426 4930 1879 9801 2732 8244 7195 7265 8050 3597 5195 3109 6035 3787 4269 3780
17 920 1794 8664 779 1568 7266 1146 2362 1162 5100 9973 6791 1166 937 4728 9940 3712
19 2920 8059 6188 7019 5816 4147 7724 6772 1394 5537 2274 2740 8111 2189 4447 3214 1928 182 3897
10 84 3409 3779 6662 2176 5284 4458 4303 6271 3107
24 1492 5678 4781 8823 5279 5172 7278 9288 7286 1255 659 97 1450 5498 8208 1063 3707 8771 727 8240 8765 6423 7238 1574
20 4379 9313 2082 3783 9205 8855 7220 2374 8662 2040 2306 2574 2014 5722 3635 1337 743 705 4911 148
22 7640 4815 9696 6842 1944 9847 9859 293 1746 2682 8720 3847 2484 8241 8469 6506 5732 5429 5388 1395 4311 2210
16 677 8586 3167 6746 7609 6574 5093 8099 8564 8316 9186 101 4517 441 9970 4545
20 7399 8747 3425 4843 5764 8510 9229 5582 9945 7062 4552 1807 684 8144 8264 9697 3283 246 7702 1730
24 2432 3148 8686 1491 3966 6538 5491 1534 8259 3686 938 2042 2407 3553 1538 2473 6557 952 5917 8781 7776 2475 5633 2606
25 5445 9705 9546 175 2809 7811 8591 9328 6602 173 9889 5101 6777 6359 8930 4762 7875 6868 1533 9984 7336 4688 1487 6230 954
18 3743 1613 4673 3334 7004 7085 9449 924 7016 6660 2004 3996 7538 6447 1585 4905 3356 224
13 9698 7088 5712 5743 3381 5878 9943 3634 604 5736 2080 2069 5571
21 3527 9890 4767 5818 4689 2429 6764 8993 4429 8546 824 1917 467 1420 3161 1762 9174 787 7781 5935 7044
21 1305 7253 6473 6596 2969 405 8835 8470 4326 1717 4920 3467 1434 330 8245 7055 7258 7469 1927 7402 176
22 7320 6786 8955 523 4677 7686 1353 4274 5658 6975 1325 8471 9368 9582 4809 5925 2721 2703 9501 3434 5812 532
21 1978 4387 4888 2167 4953 6982 1132 6205 7726 524 546 9337 1787 3515 3587 1811 6598 8369 4075 9977 2764
23 6654 7572 6836 802 8444 6587 2216 1453 9195 7014 4561 7149 698 8074 4004 3096 9245 2995 5634 3642 6715 2090 4296
25 3988 8642 8243 2904 7915 7117 7916 9382 6848 7830 6808 1842 4870 3401 6581 9083 8899 4627 9708 9692 7806 9560 5148 3229 5273
20 8329 629 8520 2382 9070 5375 561 8029 9896 1243 4800 3761 8635 6274 6787 5703 4333 5122 9786 4922
24 769 8158 3190 4223 6884 6864 7102 4645 9298 8889 7534 8673 8852 8851 6683 2801 2087 5667 3074 221 6464 5274 966 8267
23 2106 615 6101 5920 8973 3077 1667 3699 137 4858 154 7549 5297 9125 4351 6313 8754 8270 4660 9580 6748 2409 9476
22 6456 3066 8902 3119 8548 3139 1449 6678 6855 7145 6776 7674 4571 7003 8026 2672 7520 9266 6335 4631 818 5944
23 6901 1784 5902 6356 7882 35 9072 8209 8542 1516 7573 8335 7871 4055 6240 7142 7106 4707 7345 7332 3415 1164 746
21 1438 568 5193 5998 9139 4990 1496 2501 8691 1286 6763 9835 8408 9353 8568 4721 6936 9494 7831 4783 2786
22 7070 1079 6098 3669 6799 9681 1201 1297 1037 8105 6219 8475 6726 135 2699 1754 6157 2339 4097 5024 295 3884
13 3253 6924 1833 3073 5662 3722 5983 7995 4442 9616 9391 790 2878
22 700 7994 348 5847 3169 8628 8843 1709 8779 4330 2768 1505 9598 4453 1125 4647 2966 5177 4982 9638 757 5407
20 3607 3585 7877 8346 1271 3092 663 2717 4173 4569 765 3806 1766 8381 7378 1877 4459 6895 5333 8802
23 9393 1908 2292 7602 2910 7342 8193 3537 2016 608 676 5921 9456 9742 8051 3955 981 9807 341 3248 5162 556 3857
15 1178 4099 2142 701 9107 490 3152 803 6628 8394 2195 436 269 395 976
21 945 4502 300 7323 6248 1433 4125 5367 9111 871 4892 3323 1853 7743 7367 8347 5468 6144 9527 2752 9119
19 3471 3629 6173 9187 1834 3487 6085 512 2311 6680 589 5761 999 3800 8846 7170 9214 5474 1084
19 4885 502 444 7191 415 473 3717 8446 612 874 9870 9754 2753 384 9551 2022 2286 8282 1089
14 1315 6026 5218 1109 9845 3149 2424 7716 8096 8130 4252 3140 2521 8012
25 8149 3090 9720 168 8901 9543 3009 4246 6407 9886 3657 4395 6389 5804 9991 7872 9841 5932 1802 4456 1144 9431 3956 431 9196
19 1543 8157 1862 6031 7579 2086 9113 5145 5081 228 6328 4715 7545 4598 4272 2629 7725 623 3886
25 5424 3739 3770 193 4300 2935 7043 482 6923 4942 8833 4786 7531 217 7653 468 6928 7291 450 4226 3171 4288 3273 3929 2824
24 7475 9707 4724 4788 6426 5040 3625 7958 6308 2558 4816 9828 9872 8544 9315 9036 7200 1617 4009 3441 6661 9351 181 2818
19 6694 7196 8864 1524 8334 7619 7552 5166 4730 3937 7634 2266 2282 6435 9343 8295 5735 3417 2816
18 1066 3758 4139 4717 9026 9602 4123 9081 5966 4313 2446 2789 7947 4498 9936 9384 1195 390
18 4309 3541 1227 1113 7843 7870 499 6081 5156 2500 1606 3661 5389 804 9307 2197 302 8654
21 4214 9952 9276 1415 9611 9496 8616 4805 7543 1451 9102 6264 6733 6549 7094 8117 9105 4149 2094 7089 2252
25 3572 6570 9842 5213 8042 196 8477 5486 1199 7587 3673 1715 5824 9839 309 895 2047 1099 7454 7269 8574 4967 2097 465 4865
23 6110 6502 7041 2020 665 506 6670 3512 4256 9462 870 3421 1688 6129 5085 4738 2101 9755 9958 7136 3189 2671 5726
25 9216 511 435 5757 2415 5794 3233 3961 2116 290 279 7608 484 5733 6957 6075 4030 7850 9212 294 171 205 5280 980 2312
26 6780 1269 8585 4213 6708 244 5915 2498 9333 510 800 358 8593 814 5992 7961 367 6810 9428 1270 3864 3769 2929 7405 3713 8674
25 9544 1527 1601 3477 3453 4170 2898 9482 7365 4323 3667 9548 8937 3846 4472 496 5947 3306 4380 9280 1572 6731 4916 9782 4018
25 6794 4585 2641 8225 6580 2648 6659 7791 5340 5962 2861 6859 6707 3659 346 8621 2923 153 2028 2833 103 8417 3505 296 5449
25 9523 9140 7162 6752 607 9574 7762 6565 2076 3439 4164 4902 1684 7271 5642 2607 9096 7942 1070 4934 8974 736 7184 7382 70
18 3236 6843 4969 6630 8573 2525 9179 2190 5715 7284 7421 4579 9008 5768 7029 6016 479 7509
23 8024 6430 2967 65 1587 572 352 7962 2680 7177 6385 1151 931 882 8032 3183 7127 3561 6592 2689 8166 1547 5672
25 9851 5025 2112 4206 7712 3377 1518 1791 3007 7626 6357 9299 7037 696 8399 4596 7866 8064 8732 9994 4927 1262 1380 1174 8897
21 157 8458 7988 3793 1345 3879 382 8745 8419 379 9375 9161 8924 1308 1915 9340 5397 2701 7959 7744 562
23 9852 4630 1970 5907 7208 2383 1871 3476 7501 3930 5999 7698 929 2037 7340 3610 8472 3165 3376 538 2249 1136 2628
19 5744 7116 8445 4792 4981 461 9710 9925 1072 3392 8474 404 5357 2647 6310 2035 7718 2604 5438
23 7229 3875 704 4807 5208 3566 3451 5503 8093 2644 4356 4512 2447 5103 7491 3309 7582 4086 940 9521 8626 4510 207
25 222 3786 6742 6698 6902 354 6138 7770 1598 3228 8160 4359 2209 1459 2387 5061 4322 1184 1964 5075 2437 6611 4971 7138 2211
24 4894 376 3622 1968 4485 6392 1689 9779 2835 8760 8291 3645 397 6540 5181 2510 7592 7886 3516 3801 6088 3098 953 973
19 4833 563 6255 4850 9348 3479 4919 4037 6838 2092 8764 5823 3878 1797 8142 3718 6045 6624 3517
22 2356 5686 7364 982 3174 9397 6716 2323 5042 5352 8360 286 2328 647 3075 6034 4950 2423 783 648 3346 2170
22 8509 8681 7548 5799 1232 3991 6437 216 1340 8431 9185 7086 946 8912 9863 3293 3315 4468 1859 6867 5364 2563
20 88 2060 6186 2981 3798 2729 6806 1921 7656 2633 106 9367 6282 8752 3144 8849 7409 7032 8538 1254
25 9581 2512 5934 4195 3636 3785 1981 5187 3262 5701 6471 9701 7222 8252 9453 1253 4975 5151 7905 6653 3015 6266 56 7667 5538
22 3951 1170 8758 575 3574 2552 760 6996 8512 7542 2058 4342 809 6325 7279 8828 8580 858 3716 5974 566 1829
15 8175 7190 6329 2585 7434 1176 5991 5155 8639 6468 2895 9241 7624 8556 3664
22 530 854 7211 6969 3054 7066 5748 8539 5391 1042 2419 7746 7352 4639 2229 7541 5206 5621 8206 5322 8683 455
24 4184 8310 6327 1263 1734 7080 5689 4121 2913 9962 5005 7699 8961 5221 7966 1631 8456 6852 314 6943 7131 3126 758 4841
17 8204 9199 2074 683 9436 2299 7790 9435 1789 5795 478 3683 469 5787 3447 1092 1540
28 2571 4706 853 4247 2797 9180 8007 6261 9734 4857 22 678 2041 8403 880 8164 5421 4740 3582 3037 6619 6287 7096 8183 5458 6257 7202 3626
21 5890 5324 156 4481 3104 5291 9658 5382 6905 3397 5260 7651 5993 3982 829 1126 8920 8043 2449 5150 2185
22 3329 4017 560 6634 4605 1470 6597 6674 6932 3829 7848 4954 3308 7099 9385 8140 2871 3186 7822 2349 2255 1378
18 6952 3816 1160 5212 1299 3181 5958 9948 8873 8228 9044 8911 1183 7424 5022 2064 2421 3950
23 2917 830 2639 7255 8854 3839 5386 3867 1907 3701 8576 2841 4263 884 5725 5283 8836 4633 1611 5591 2638 79 6390
26 6150 1101 8799 6657 6196 6122 353 4591 6413 1217 6552 813 7507 3437 186 2434 3060 8871 4382 3759 9218 9653 534 8724 7310 644
25 6656 9411 8804 5359 9038 9897 6857 3493 9300 232 6326 7665 1711 4822 4597 8841 5691 6511 9047 4132 7981 855 7722 391 6246
25 6457 24 9291 8698 5369 8640 5566 7823 8767 3159 433 6387 3704 6137 105 5168 5448 363 53 597 6788 2692 8707 1641 669
14 4679 852 1203 8516 6880 6431 7324 5338 6055 8281 2612 2987 7251 2508
23 4414 2357 7134 9156 4749 8134 618 8830 643 4880 4336 8220 508 8632 9016 3935 8224 4860 9427 8386 7300 7100 2114
23 6044 1511 6537 5377 9778 6762 6908 7418 9902 4135 3361 1032 9386 6866 2906 2621 8944 6432 8997 5233 1483 5354 5398
18 3333 1386 7263 832 9349 1431 2535 9844 7547 1058 8045 7158 6092 6773 9423 3113 8808 2618
23 585 6220 1475 6647 709 457 1460 9012 4219 6629 1761 5220 5706 5427 9594 5186 984 7785 8769 7165 8405 1139 4023
24 9935 9450 6767 8434 4167 8035 2989 4297 6811 7098 318 5133 2778 4575 9009 7462 3506 8875 9223 4408 6948 6005 8891 1107
14 8578 4003 9441 3915 1182 2124 1535 5997 5450 347 5204 3920 1570 270
21 8382 8792 6379 6021 8033 8950 1896 863 4101 6380 2741 1979 9422 7703 9957 5126 8320 4267 9432 480 1708
27 1635 9325 4207 4656 7172 9116 6078 582 8101 8903 1396 10 733 4710 8811 7817 8065 414 213 9094 7583 1490 4427 6959 8467 1185 7111
26 9401 5601 7020 8021 9463 9790 812 5704 3319 2526 6253 1856 4526 4933 7505 6532 8776 517 6231 810 2569 1329 7540 401 8137 3514
24 9305 2869 9564 1755 7810 4628 6601 9469 2760 1687 11 989 3784 8853 2572 7128 5321 3832 7386 6553 6145 7976 6417 8308
16 7913 9487 5632 5827 8687 2804 905 5951 7694 8436 1759 9873 7697 4676 8517 5718
21 6404 2881 2453 7561 5380 7009 596 6620 1612 5136 6778 8362 7797 8969 7664 8565 4183 1287 1379 5499 7281
17 9768 775 7207 2297 425 1053 3345 1370 7292 1188 8288 6027 2726 7618 2637 274 9661
16 8978 4355 6879 3101 4299 6047 3810 5739 2043 351 7031 6052 9193 7083 9756 8196
24 1867 8190 2464 7792 4331 9141 9246 194 1513 6179 2025 3757 3818 9571 449 9261 8068 6697 3660 5015 2933 2879 6351 1758
17 4665 311 5540 2414 3873 8312 4334 2642 5088 9788 8805 8834 9157 5893 5673 7828 443
24 7928 7114 6893 164 5161 2444 9213 7197 2938 2653 1672 9547 6277 6299 339 9275 2340 1806 2807 7584 1148 2608 662 664
24 297 1605 5304 550 2652 3108 4806 865 965 4044 8896 8161 2156 7680 9480 9471 7452 8491 2598 8602 4808 1418 3000 4374
19 3869 6645 7903 459 254 5626 1050 9879 126 2667 8289 2065 3948 2381 5914 5869 2855 9331 3863
27 19 5654 2072 6956 3146 494 529 5243 7217 716 6756 9652 1033 8129 1342 7805 3365 1122 6286 3554 8495 7027 5767 4010 5814 6354 616
23 5510 2999 4867 5888 2663 9987 8610 5870 9392 1724 8297 1239 4076 6640 2137 6754 2392 8153 1187 3943 1085 1191 5874
24 273 3170 718 8229 9481 9631 3316 2714 370 742 7474 7738 9188 7761 6692 9524 4574 6892 5328 1073 1616 5936 4926 626
21 5358 5060 7555 6967 6865 3053 8025 9651 3811 7417 3547 3211 8922 5984 6887 2759 9683 9797 1467 3407 4678
21 9627 9806 6639 2008 4709 2791 9167 2916 4345 7360 7212 3689 9479 7063 4999 2678 788 255 7087 8336 3431
13 1447 6485 4586 2737 1252 8071 158 3944 6732 5728 5253 1982 3378
27 4437 6199 5746 1994 8176 671 5201 2320 2121 9112 3946 2892 2955 6883 7260 2309 4824 8366 5379 7658 4995 2624 8676 9942 4364 5435 6828
23 1888 8118 992 8575 5809 4002 5250 6290 1741 7081 7277 1886 714 693 4187 4576 8056 6728 2422 2827 4993 3837 2117
22 9901 381 8882 7574 7873 2397 9100 2198 7210 6747 114 6043 7306 6709 2478 9142 3519 6594 6878 2342 5068 2658
18 3103 896 6141 8892 4293 3729 6298 7339 7745 6886 4743 4413 8741 7385 4162 2469 7898 1948
16 5693 6237 8878 7394 4074 1671 2416 9919 919 8242 8680 3677 2823 3872 4145 1740
18 6269 3655 3993 7874 7379 4834 621 5479 1947 4527 1590 3034 2911 974 3280 1011 6479 748
23 4637 9464 5263 7380 5442 9800 498 4624 7551 3782 1541 4407 6395 9001 8388 7740 558 1940 5645 8522 1952 5978 2441
19 9976 8425 8328 9133 3394 5756 5603 6008 3905 9357 5307 9686 3674 243 2749 5972 6187 9129 2169
27 9514 9654 5507 4643 7628 4866 8595 6367 6821 2635 6422 4423 2351 851 7982 6478 9704 2146 3881 1608 4114 8702 3551 6014 4606 6487 2221
24 9412 3112 6399 2180 6571 7287 3754 4685 1628 1756 2854 4675 387 5852 2561 71 3241 8355 7544 134 7095 8623 8941 1929
23 3257 5234 7687 2975 4196 9871 2537 9980 2281 622 1307 2214 8016 5171 4550 4294 2575 2149 7305 5392 3255 4923 3087
24 8351 4194 1835 3157 2187 3462 4819 1681 9882 9928 1668 8233 3163 1596 5028 4638 4436 2344 4612 259 1903 1614 2139 4277
22 7249 8566 7493 3826 3424 6832 1078 3141 9963 5522 2875 6953 3368 9833 2406 6114 2915 3343 1798 3305 1001 4185
15 61 4511 91 7457 3463 3608 1098 7895 1112 912 776 4287 9953 1865 1258
11 2519 7186 553 8631 9319 8670 7652 8483 16 3535 8069
12 8587 3208 7346 8184 6682 5236 4674 960 1983 8372 4218 4399
22 6916 8112 92 7569 3615 8816 7078 5054 6462 4539 2956 4400 8170 9073 1666 9780 6421 40 4785 6819 58 3035
22 7957 5717 1564 7794 3710 282 8960 4658 3843 4804 1889 8928 2111 3599 875 6951 2619 6666 3942 9154 9308 5819
16 6296 7612 2919 7366 7355 4060 5496 8325 5447 5585 5229 8589 2354 2144 4324 8046
19 2135 4826 1912 8644 7920 7301 9283 987 8560 3292 8339 43 9019 1971 2443 149 3010 7533 1881
21 3549 9680 9090 2893 315 365 9774 6643 2882 6089 9975 9748 4480 2945 2242 7280 2194 416 6177 131 2276
23 3024 8588 6058 6484 5306 133 6816 4635 1469 2236 6001 544 8643 5007 6947 9372 9772 6147 6691 7869 3359 2554 8865
26 1515 8979 212 7764 7647 5043 4699 3052 9224 9930 3748 7231 8357 8294 6234 8697 8011 3079 9812 5986 7571 6411 4897 371 6999 3110
23 2147 8449 4031 3807 6491 8257 1949 3907 8189 219 3796 2052 5350 5945 1719 5353 8393 4462 3357 3019 1462 8523 3172
23 6765 6076 1884 6946 4224 7344 1955 3474 2645 7605 3912 6980 6134 8318 9688 340 1391 5612 3983 3405 4994 6289 1301
23 4687 5477 7693 4130 843 4696 6529 7812 8237 2547 8842 3828 1260 6416 8067 3594 5249 822 6696 1129 6978 1951 8850
13 7975 3840 1627 9992 7984 2718 3155 5922 9998 5741 8714 2188 7133
21 7553 187 4475 9513 6566 8785 209 5835 7351 319 8459 5303 8514 6109 3834 9318 189 1607 5095 6795 3274
15 4829 448 4259 4851 8963 1885 2567 7815 2199 45 111 1990 1851 3115 706
14 2774 5087 7535 6480 7312 9150 3731 6149 3351 6337 6515 1312 1128 1207
24 1273 4855 29 6121 9809 1355 2942 2247 223 8705 5911 8725 909 5807 1656 7777 3706 539 7514 1820 3724 6685 20 2200
15 5227 4973 9394 8876 7119 8620 7867 5116 3756 1922 5239 8076 5302 5778 307
23 3025 7690 9165 8766 3044 9823 8407 5583 9512 8103 817 657 2834 6459 3680 5428 745 6108 7388 3670 163 4339 2625
17 7911 5332 5045 7479 2368 7067 9352 6071 8052 4235 9149 5185 9221 2894 3715 1894 5461
21 9691 2536 9557 4756 6909 3403 1655 5393 6066 2285 4529 5810 7897 9964 2533 9949 6950 2024 4165 1576 690
23 9267 7494 5967 5466 9171 7912 4566 3016 2348 3593 1996 8200 7425 6040 5191 2588 115 4765 9066 7973 5630 5339 590
23 961 7406 100 245 4869 2061 5262 8188 7860 2468 7849 5611 7363 8348 1850 785 4168 2088 6860 7660 932 7597 1972
26 3055 3239 9402 1553 2171 1963 6414 8550 9132 5309 6863 5080 4409 5097 806 4025 793 1678 2503 6528 5242 4418 4820 3287 86 4203
10 2531 9121 3269 6826 6949 4516 642 5203 3408 316
22 5090 2828 921 6985 9981 7701 9508 5567 7633 8601 7778 8115 1742 2075 1566 3217 5740 834 5109 1205 759 1055
23 3017 2245 9370 6067 6247 8263 1264 8761 5674 6609 155 9244 591 7018 8513 8600 5066 6204 595 6973 5797 9558 2273
18 7329 1530 4034 1745 9628 8915 8401 9249 2602 2403 7754 30 3260 5197 3452 3250 8461 8507
18 5517 2711 8737 1589 9045 2467 1980 6888 2314 970 8492 8650 3997 4070 5492 1074 3059 8044
25 9003 3047 3270 7477 9731 2954 5579 9075 1436 6332 2345 7007 4397 3022 253 5763 9500 407 5277 1440 9767 1748 5774 6933 1958
24 7104 823 3732 1729 3393 1873 4825 8094 3271 8314 9080 4847 4433 125 5004 7107 2485 2063 9040 4161 6401 6079 421 998
20 2788 842 6965 1521 5017 9813 5238 658 9985 6452 2428 7893 9900 8536 7672 5826 8647 5142 8641 2163
12 4848 3693 8309 7013 1331 7706 5800 312 8859 6065 5551 3069
22 3410 9207 6222 8023 4821 409 9152 5134 7536 5452 4893 9904 4722 5755 9222 3399 735 8729 8460 2583 5118 1456
17 9254 8708 9926 5808 5426 7347 8817 3668 9933 6790 6106 3102 7880 3106 3244 9791 1038
22 7657 3030 8028 4008 161 4884 1224 883 9027 7006 1175 4106 2506 600 6551 988 3385 6781 3162 9898 410 4474
22 7198 9011 6966 2927 5971 1733 4405 4289 4871 1941 5183 1707 25 5039 9979 8867 4257 6118 5923 3892 1093 1680
24 6412 617 3990 507 8952 6713 680 2831 4595 2048 2837 5154 4016 6554 9857 4609 413 5385 9905 6281 5033 327 2318 3286
29 8736 4346 8555 2681 9452 846 2079 7567 280 8020 4607 3489 275 4587 9327 2398 839 5694 5801 6383 8881 8983 5104 9562 1362 6577 5368 6112 4795
25 610 5719 2912 3542 1500 2399 15 6584 7894 8988 2670 83 6800 4043 3406 9565 7130 5139 1954 8344 3995 4019 6958 1579 3984
19 7965 956 655 1002 1041 9498 7564 3788 2817 3209 1197 5396 9535 2161 6391 9814 3690 6448 2408
20 400 1883 4078 7941 9191 5514 7793 4789 6033 5502 7960 6038 3187 179 2877 4357 3641 9369 9531 2038
18 5402 9626 422 4836 6503 7383 6192 7599 4190 3552 5940 2965 570 6317 3039 9635 170 3097
14 6069 8104 1257 2140 6814 47 3524 7143 3231 1876 364 4180 7526 2032
12 1593 4153 2305 342 6198 751 8967 2767 3681 411 2493 5037
18 117 1874 4720 841 9420 7101 1945 3137 4547 6774 7500 9741 6543 7144 4737 7161 3080 794
23 8557 1215 7097 5699 1248 5021 7205 3135 2205 1790 4655 8531 6636 7159 9678 1916 4454 7497 5772 6318 5613 5876 8778
18 3371 9071 5901 4558 1024 7967 5394 9917 2921 6504 4644 9951 1219 1303 5677 2258 7404 2746
25 200 8989 1863 2108 4642 6818 8806 2089 1852 7321 104 8159 1235 6292 7643 8254 4625 2896 1836 2001 6037 6968 6176 1249 1677
18 5205 3245 1323 5465 2234 5990 4937 4520 6793 7443 6082 4791 555 6954 7991 5687 6490 1558
13 4349 4959 5409 9817 3469 7575 9618 3460 7659 6941 4236 8327 1732
16 6822 9282 5861 5245 8609 5548 4204 7108 9655 2336 2978 2779 3304 4504 2772 3987
18 4307 211 8485 1047 3433 8917 7250 3164 7689 237 6232 7495 5019 3272 3581 8197 9220 3081
13 6724 4028 8412 2235 7325 7910 1763 1588 9332 1290 1404 859 8178
25 3168 7710 3133 4205 4111 897 6062 7807 1314 7648 3919 5635 453 703 9730 6180 9230 5572 6841 9646 9095 5401 1643 6792 9536
22 8342 1311 2706 4245 5698 4758 9570 8933 3750 903 6820 6369 334 8476 4508 1361 8734 8066 2372 6453 1452 6690
24 2735 4233 2275 7156 8774 2324 1455 9118 4372 2431 5959 1169 3738 7578 2808 1769 6671 6303 3285 3242 324 8451 653 747
14 3200 6039 6161 3438 2744 2489 2379 28 5056 7801 9669 6388 667 5149
23 3005 986 8801 6523 7490 6128 1861 2479 3550 7179 3714 4775 8524 3191 4853 620 777 844 5781 7084 3383 1624 1293
24 6695 9549 1630 4255 3160 2390 9209 2470 7361 8361 4852 3967 2413 8136 1388 1463 80 1675 614 9585 6759 6585 471 749
16 4761 3276 9743 9613 3317 8990 6803 5844 4528 4881 9470 5789 5750 598 4215 4142
26 8699 5089 5766 5576 9128 4615 5405 4318 458 1275 5050 7414 4497 9077 2756 8027 1432 4144 7486 3320 5131 7431 7669 3518 6294 1150
26 4080 2036 9751 5933 8715 6425 6366 7407 9832 4802 2960 3232 1603 2560 4155 94 9592 9553 4519 1468 1278 4513 5506 4 2905 2770
23 8406 7438 1644 1771 527 3672 8296 3038 2031 4092 3354 4100 8721 6100 1029 3598 4254 4997 7892 1841 2730 7302 1575
20 6304 3057 8379 76 9475 4365 3117 8995 1409 1498 3805 2404 6372 5246 1669 7132 3604 5490 5505 845
23 4225 3605 3557 1250 3974 6850 1872 3307 3266 2640 4430 9572 2239 4053 3777 9356 7213 6599 8387 9597 6007 3387 8893
18 1200 9864 2523 4718 3483 3114 6974 2584 8584 7940 7819 7755 8894 6501 2870 5342 7303 1360
18 627 6403 8373 8763 2988 7865 723 5107 2700 8037 9492 3013 9624 6589 4457 7416 325 3484
24 1372 9869 4958 1010 730 8826 5557 5730 6897 1965 2173 8428 9363 5261 5315 7046 113 7560 344 9793 7642 2389 44 4124
25 8146 2559 1735 5695 66 1897 5769 3490 7707 552 8926 6312 3602 9143 2268 9575 725 7113 9911 6443 9181 9656 8255 3595 1212
25 6875 8795 5285 9262 6562 2829 239 1796 4024 4232 8813 862 2712 5765 9578 8668 3282 8706 308 8598 3529 652 7670 4554 4955
22 8133 6182 3418 6689 2543 6498 7064 2375 2614 7630 7322 4608 6370 3794 569 7488 1334 7317 3390 132 811 1577
11 3067 208 9737 6321 5259 673 9162 7604 7051 234 5399
23 7357 375 8694 3885 6120 8800 916 3939 5520 9929 3498 8018 2977 8742 9426 509 2514 5871 6588 9486 2136 1938 2322
24 4742 3188 7174 9735 4703 4515 402 1424 545 1509 6940 3446 7730 7550 1034 4238 4166 4464 2970 2545 1259 136 3302 1120
25 7993 7428 6393 2748 7045 2799 1387 122 74 9361 6475 5083 518 9687 2800 9584 2757 3166 33 5568 7423 2120 1295 8554 707
22 5440 3196 7889 3531 6729 6450 6907 3938 1045 8410 2765 6829 9050 8494 8390 789 426 2974 1665 1846 7485 2251
23 9974 3692 372 957 7048 5879 1110 7267 6213 3940 8909 8916 9055 7047 6472 3004 5770 8354 9189 8735 9773 4401 1823
13 7585 2511 1406 2105 8739 1443 9566 6605 3647 9604 5051 526 7681
23 1830 4228 2551 2304 5464 7999 2702 6251 1154 4033 3933 3331 1368 5793 3219 8533 3178 581 1517 2656 8863 1788 3033
22 7141 3068 6652 7787 98 6839 7316 4058 7627 7949 5558 5651 4482 7387 198 6812 9715 3882 2962 8165 4771 226
22 975 1845 248 2787 9576 7929 4443 7503 668 1302 6727 8010 1946 6894 1231 7412 4611 7034 1764 124 1892 8980
22 3197 5598 9744 9684 4782 935 5600 2684 4137 7926 6171 6270 7137 1649 2201 3352 2517 6651 5489 7517 8083 1731
19 6265 8614 9364 5860 6939 3251 6920 1529 9941 8746 4073 2527 2405 1991 3728 2267 5363 632 5798
22 8448 2143 7580 3326 2078 4154 1804 8796 3893 1352 1320 8034 4371 2769 5943 6343 191 5413 7359 7126 265 6492
23 1995 1363 9761 2184 9272 6002 4924 2649 4712 9234 152 7466 2380 6929 6906 4391 1933 8457 3235 5419 6151 5964 2427
22 4733 9819 9702 3601 2206 7513 6398 7298 887 3342 5963 6497 7153 2459 6797 7786 1321 6684 7073 5257 1095 795
27 565 210 3249 1580 3606 3921 5417 7857 7236 9457 3949 5655 5140 2903 7187 9235 6926 2705 4083 6183 9798 3131 7803 1654 5889 1076 8925
18 483 419 3420 9563 7763 4636 7662 9724 3116 8733 7775 5384 4669 3227 5625 525 3994 495
17 6189 7759 2661 9341 9838 6825 8820 4493 9079 7090 2542 233 349 625 7591 59 1825
10 6735 3414 8227 6668 5550 6546 9383 9115 9117 4662
10 6547 1192 27 3767 5759 8756 4702 2030 6458 2224
26 2784 3364 5034 1723 8505 8285 3685 867 2495 8039 9208 1727 3521 9825 9085 5863 3814 7492 2369 3548 8931 7244 2294 901 2208 7855
15 533 6293 5160 3466 3340 3578 1989 503 3960 7313 5096 192 3344 2280 939
24 6228 5189 1843 2352 4353 2315 6898 1051 5565 5656 8293 808 7510 6036 4582 717 9155 6352 7607 5521 6779 5930 8299 635
25 6710 166 3373 380 2657 893 6885 9106 8693 7446 3049 4988 2417 7914 754 1679 1977 6454 3744 7853 9279 5839 4402 5395 3275
16 6418 2973 8965 3450 1417 3874 6091 6267 6945 5327 9783 3658 5431 1698 971 4393
27 2603 41 1384 3138 9478 4209 2231 1840 2264 543 5268 7868 2256 1017 7060 6861 3823 8689 4621 1283 4061 6635 2046 8966 9827 231 3569
17 271 9538 266 3721 3584 8239 8063 1023 2045 8661 4102 3150 5752 420 3898 5485 4719
19 2278 3849 8075 5881 8207 9641 7065 396 3193 969 6646 63 1482 3011 1096 1544 8110 1760 1602
18 2507 753 1414 1738 4594 9114 3295 9405 5679 8656 7927 8872 1770 1785 9371 9787 5508 3032
23 328 2293 7576 4537 7203 6672 8951 1429 2996 4777 9458 151 7971 695 6429 8248 8914 2842 460 7484 5912 5900 906
23 2934 8728 7837 4327 6749 8840 918 3583 6722 682 1937 2279 2901 1640 2154 6309 8651 2739 4175 1445 898 78 418
24 2123 1620 6579 1256 7209 9433 3952 4266 8798 2596 6245 4613 7923 1039 1405 6178 1904 7012 2034 9437 9239 8221 913 7105
17 9996 6216 1221 3050 7654 475 9881 4411 4478 2222 9293 721 9248 2127 6086 8837 3698
23 1609 656 9477 4282 313 5308 7140 4248 2039 4686 8438 8077 5802 7728 5374 5217 4283 8358 3600 7530 1974 6595 2909
25 8484 225 3036 9151 7900 2270 3989 1030 7682 5779 4250 9130 7272 1428 1918 7411 1743 38 4051 8256 4032 654 1161 1701 2410
25 2986 7171 4593 1725 5433 3851 2937 4344 3261 3470 9556 4985 536 2587 4849 1775 6531 6590 9516 2367 8380 8482 7518 8352 322
11 3654 6910 4386 162 7671 5223 5897 4216 5720 2785 1619
24 4935 7554 8653 1369 2482 9968 9190 5240 9424 9799 4491 1686 2580 8549 4590 4505 1401 5258 9170 6175 466 7772 6295 4157
21 1313 8102 8506 7594 5523 4944 6020 5006 6223 3808 878 4449 8906 7256 5785 2733 6899 3400 5942 5587 888
22 2465 3426 6316 141 4705 9160 8545 2504 3154 2688 505 5680 1610 7908 434 8005 5378 7721 3835 8392 7723 899
21 8559 8085 4895 3530 2118 8534 7440 456 2745 1328 1371 6560 3639 8812 6184 8904 4963 7297 6881 5637 722
16 9757 2941 6912 3461 6758 8081 6336 8466 1241 6225 7734 2723 1506 447 6612 1375
26 6139 9610 241 9497 6757 7691 4119 4136 326 485 4992 4798 34 3045 6705 9822 2546 5329 5153 9605 7369 7717 7478 8141 6545 869
22 1757 3435 1422 6455 3845 2230 639 6567 9709 4521 3085 7294 5484 7299 577 1373 7841 850 8313 2011 8880 8777
21 4071 2313 9495 1412 5803 2244 2959 5692 3332 442 6167 687 3215 2071 8317 3003 9862 1786 7315 4273 750
17 6410 8167 6871 3314 6641 7666 4879 4046 6558 5862 1381 5965 1351 3977 1044 3488 7242
20 6711 57 922 2107 708 9284 8326 1750 6061 6169 2944 1924 650 547 1893 7821 7074 140 3464 8499
21 6913 1494 1799 1660 7334 5838 7282 4682 877 6719 3682 2068 5231 8857 8822 2798 7328 5355 9010 675 6465
24 7499 3564 9947 3203 7846 1364 3199 9321 3338 1779 2178 2451 5372 6376 515 819 7523 3868 7026 8 366 4578 4425 4041
23 3972 9035 8652 646 1251 4128 7769 5941 8938 7737 3501 7327 3006 7620 335 6679 2994 6720 2474 4896 4448 8927 925
10 8890 9510 8004 1413 5000 8095 9271 2289 49 3931
18 3375 9068 2675 147 6279 6125 5875 9763 4477 4368 6017 640 1793 7839 1522 7946 383 6533
23 2166 4966 599 6360 8731 9632 8981 6181 4979 847 9378 8003 235 3511 6344 4148 4589 5062 9147 7427 3335 5696 4271
11 4020 719 4352 1737 1749 9959 6495 5595 5623 504 3238
23 8262 8462 439 2110 3772 1523 3621 5120 1597 694 6131 4651 1714 9728 5851 3258 3348 1028 5580 8634 5494 2073 1472
23 9805 6607 1326 2601 2455 2568 6263 9810 5525 481 8695 4899 972 6056 3499 4616 4487 9903 9540 4199 3734 8527 54
12 9965 8675 2384 6378 7902 4514 7885 2925 3192 7832 3497 611
20 5049 5955 4913 9046 6921 744 6513 6738 6824 9400 4012 5336 2472 5330 7396 1289 3700 8619 9168 321
15 672 950 5012 711 7444 5323 2796 7139 2860 6195 2050 4998 2226 8126 361
26 5282 4090 7232 4863 7415 8266 8268 9082 4276 6862 9153 801 9665 1651 4533 7925 276 9588 8223 2534 1296 5316 2683 8613 587 1809
24 5727 8489 95 4376 9623 7401 6029 4787 9033 7663 8624 2401 5904 5614 1457 5610 1571 4262 5475 9197 1824 944 2886 9766
18 4984 5069 7234 7808 6159 4832 2228 3865 816 283 1778 2425 8919 9717 9365 2623 263 3153
26 8370 7118 1910 9182 501 4249 2 7384 4394 9159 6882 8603 7194 3428 2761 5079 1317 1117 123 9074 9041 4422 3240 8322 8690 1003
24 8832 6160 2781 4347 9912 3123 8814 2776 4764 1012 5675 8976 9612 1781 2832 2674 2168 5298 6891 2553 8385 4701 4251 557
23 3603 7704 6877 1595 9836 8682 4744 4369 9969 8481 5908 9416 7125 2215 4340 4572 2458 9446 7896 5057 5157 1277 9334
23 519 2838 8338 2695 9537 3640 4654 7636 1031 6059 6164 4221 9135 9366 1069 3768 1094 6516 5671 9086 3094 7052 204
20 3546 7373 8848 1800 3436 9270 5495 4840 3395 9853 2462 9892 1071 4974 2811 3070 927 7974 7758 2853
19 6053 6402 6340 8486 1700 477 5690 5559 6324 8992 1657 2044 9445 9122 1821 2193 4522 4261 710
25 7230 9511 5287 9030 8368 9789 5008 202 7508 487 5574 3913 1485 5105 9285 4543 6095 5938 1548 1728 8058 8151 8090 2019 2029
24 394 6004 9255 2260 7463 1211 2126 6900 6703 9335 7392 3299 9247 9706 3429 1423 7782 8400 3297 3896 3465 7818 1366 3322
23 423 1512 4063 4113 4062 5001 4426 2021 1502 4217 8793 8498 8627 3764 8794 4562 9908 681 1497 3336 6194 1149 1288
24 5856 8128 2006 3790 9219 1123 2600 1902 1783 1768 4258 6737 8177 8954 4096 4026 5482 3815 5919 5209 1895 3023 6723 1134
20 4648 2605 7840 1930 864 6873 4085 6442 4523 7638 1525 9108 4131 3822 3980 2985 4151 2059 9700 573
27 2720 2696 761 2207 3666 1282 1402 4045 3573 2857 5076 2662 3263 7598 1310 2565 3774 7963 7838 1782 9414 2522 9177 6992 5117 4160 1726
26 5086 2520 4410 2577 4302 1752 3789 9054 6983 9554 9395 8247 7285 838 178 6235 8125 7945 1068 5905 4754 2872 5657 8132 4978 1507
22 4794 6048 9846 3579 6663 3866 377 2272 9228 4093 9237 1163 7021 3027 1416 1016 3628 6049 3002 2490 4281 6524
21 768 691 645 5684 9666 4906 2062 332 1911 8465 7921 4912 5013 2532 5843 9607 5 5115 755 4977 579
20 825 3891 1100 5711 7891 6548 7679 7276 2856 9460 62 7330 9946 8109 5589 7400 679 4451 1156 6439
22 9625 9087 5899 1997 1102 1081 5305 7296 1357 9442 4163 2109 4198 3752 9777 8977 2549 8017 8015 9745 3671 805
22 3294 3468 1223 3430 947 1914 1466 5032 6648 3570 3763 2932 767 5681 3195 6510 915 5754 8663 522 1966 2238
26 119 6575 6409 1637 1634 1831 720 4776 9837 2017 5027 5301 5530 500 6714 2364 9440 7944 2980 4182 2283 5462 3180 8424 1306 6400
21 9347 7092 583 1142 7150 2589 732 7879 2023 1237 6681 1520 261 7470 6688 4774 333 1486 4813 393 5175
23 32 6381 9679 9645 1584 2291 230 6331 4007 6054 6736 6712 8416 2859 3726 9856 1975 8172 6876 1390 983 5606 4129
16 474 6476 1803 4489 9447 7461 7521 9995 77 9173 9587 6979 3923 7079 2922 2659
18 4980 9166 5602 8521 6984 338 6512 1105 6755 2095 2496 5509 1103 7216 75 3703 7954 3858
25 9164 5381 6805 5782 4066 2782 2497 774 2084 130 930 2948 9403 6488 5114 4831 7033 8014 985 9 3040 8488 7221 6981 1510
10 4112 4842 2418 1444 5365 6673 8234 2259 424 2152
20 7471 5771 7135 9815 9640 8413 6042 7987 3494 531 1857 4727 551 5152 8975 1712 3998 1141 1987 5456
23 7557 6971 4115 5241 2556 2241 5158 8440 1561 6608 5734 2997 3918 3201 6937 2388 8709 1214 6542 4375 6844 8552 914
23 5948 5751 3778 1774 1685 1106 4970 7164 2246 8437 907 3968 7729 1960 890 1943 9893 8608 4692 8180 298 1225 4729
25 7430 4873 2426 9485 6615 2077 9297 9988 8932 6025 6155 4358 3888 6215 4362 1382 2708 5830 866 3419 2192 1901 2113 9131 4178
19 1240 549 4200 8179 2477 8009 5023 7528 1165 5016 4845 8679 46 3355 2775 4367 6990 4118 2049
21 1674 4021 102 8464 5356 1592 6927 2777 6415 5052 4343 5511 4603 1959 5526 6224 6617 4134 36 7358 8648
24 5668 1189 9473 6280 4546 3904 7614 2515 2386 2754 5219 6655 8672 5132 6353 917 7827 2524 5898 5178 1476 7863 3558 4013
23 8787 3513 1560 5777 2151 4499 7650 9136 9816 4828 9867 7498 9236 2676 1236 7511 9379 2946 197 2277 2227 1202 9005
26 7465 7934 849 8194 4141 4014 826 6030 5167 7556 7072 7254 8807 9062 5670 2792 2066 5216 3695 2370 139 1274 2847 142 1226 5476
23 9314 8378 4109 9127 6633 1348 1324 1004 7668 9225 1810 9018 1776 3725 8886 5165 5288 4176 3981 6555 3652 2175 7820
10 8711 3708 9982 3568 331 2394 2460 4769 4697 630
23 4910 8868 5437 2335 1692 2159 4690 2771 4770 991 7749 1690 5341 2984 7155 7675 8145 6256 8790 5560 4751 406 4951
21 1465 2316 2742 1206 4150 3072 6970 7741 578 567 2420 9242 6346 1765 4856 8479 5980 4265 8658 5011 1080
16 2783 5649 5214 7504 1539 6572 8287 1448 4152 7124 4444 528 4567 3520 472 6676
23 6123 4171 8671 8274 2867 8261 8277 8182 8214 5222 1828 4830 2232 5310 5255 5527 8537 1818 4551 4956 2301 2010 398
21 6239 5516 6677 6815 4496 9264 8273 4714 7933 4064 9444 4439 1854 2471 7447 1358 470 8305 9818 343 1247
22 8803 1565 8629 4068 3862 1177 9629 2957 6156 7455 2557 3061 2150 359 7071 7780 4837 3449 911 8710 7824 107
21 1503 8302 5300 3859 4072 6642 4711 688 90 1316 7924 1075 127 6801 1670 1618 2027 6249 3576 7979 8684
23 8435 3958 1777 902 1276 1721 2599 2979 5913 5872 520 5605 514 634 369 5102 2435 1957 602 4976 8168 9517 3380
20 6831 554 8040 2377 4404 908 5210 3776 2850 3089 2687 584 8604 4290 6146 619 1638 4626 6955 2813
28 2056 9202 7816 3482 8615 9923 199 9388 2899 8750 7562 4739 52 3538 3496 4694 7326 356 9695 6174 4917 6374 2655 5469 1812 1906 8508 1336
13 666 2790 996 7091 1578 5639 5638 2290 7736 4403 6664 9676 8468
14 3616 7243 5713 6172 2366 7010 2731 5700 3358 6166 9200 1488 1043 1052
20 2883 8191 7901 4048 2330 260 6802 9682 6094 1298 87 8060 5640 4222 6986 6107 7719 6315 8677 3781
23 497 9345 6649 6041 5143 4667 7829 1057 997 285 4452 6593 2160 1119 1556 5488 42 7225 281 6050 4752 8541 392
21 2436 69 9505 2141 5064 674 6989 9355 5317 3360 5738 2102 8936 1819 5786 574 3303 5845 3687 6154 5415
21 734 4525 4872 2885 6000 272 2284 5906 5880 3973 6297 7796 5528 4280 5053 968 2083 3206 8526 7 5629
22 9306 378 4653 9303 2338 6833 3648 428 4921 5411 81 5314 7883 2950 7727 4773 9006 184 185 1720 1210 2130
22 9078 3976 6244 2952 2220 7180 5954 8748 5092 8883 9322 1816 7532 2562 6823 3300 7480 2331 5846 4945 1318 1082
25 8203 1267 2385 9226 374 3205 4583 5709 2115 9278 9330 2713 1145 6813 215 5099 4915 5624 7646 9843 3151 8114 3301 4909 2253
22 4693 2217 8290 7799 6163 3124 1870 3210 8645 3213 4503 2263 6835 2716 6341 14 5128 3290 1953 4079 9201 2914
24 3281 1625 1272 2240 4986 1005 6751 6874 821 4388 5650 6243 8511 4398 4304 2646 1934 7275 3062 4864 9438 1127 5410 3665
16 109 6252 2000 1650 37 4253 1171 3363 8577 6428 7377 5927 8515 9389 936 2358
20 6206 4143 6739 3366 3746 8831 150 9785 112 928 1695 8231 4466 4618 5546 9415 6535 8567 2795 1898
19 5235 6024 3675 5289 4285 9586 8212 5702 7631 3291 2183 429 628 860 7845 7151 9937 1837 2862
24 7314 513 772 138 6013 5457 4957 8246 6669 5729 1875 6254 9163 5267 7711 1780 8579 6386 8391 8404 7955 8185 1425 4319
27 8784 3540 8637 9031 715 6625 9292 3083 7502 2613 7802 9060 7616 2971 337 6486 3353 3909 7449 1632 3056 1621 9660 7748 6827 13 603
24 9733 1869 9286 8945 2622 9633 9671 4279 4159 4617 521 7588 8844 5343 8108 1167 3509 9727 964 6373 8082 9895 4484 5592
18 9550 8953 249 1839 8258 6284 5529 5129 6508 9064 5349 1025 8442 3318 3684 5543 1173 4305
11 2538 8773 3556 4486 9858 9381 6525 3766 7121 5644 4057
24 6466 5615 2673 9065 1104 881 9804 1504 5169 4360 2303 3473 5430 7747 2440 3100 5251 5617 9961 9808 1158 5202 3458 8942
23 8236 4659 2686 8376 799 3396 2634 1860 4876 5619 3908 4039 8660 9320 4306 588 6363 1059 885 2725 8888 3128 3589
23 3821 8086 9526 2907 9022 1967 5184 9649 1393 6064 3082 1179 9899 9634 5590 2889 2863 9468 6105 9590 593 3804 1410
24 6706 5970 6012 1838 951 3495 1198 3216 1827 412 3404 9053 2350 4211 6408 5564 5805 8985 4797 6028 5436 796 1091 1304
19 3555 1090 4713 4088 6987 9729 7876 6451 9023 2129 8450 1143 116 7919 3071 3423 4316 9552 1950
16 1097 1228 4260 1193 7109 7274 5200 1519 8418 7774 5822 9978 6209 1398 2371 336
17 4601 4507 7398 1697 6201 5815 1532 2412 3391 1108 9502 8696 6396 4670 3327 5918 797
17 7685 7442 3176 3833 2802 8038 2164 8283 3924 3230 7178 3906 3234 4564 9955 7189 6934
13 4455 9134 64 1407 7372 2751 8143 7779 9204 5946 451 5666 1691
17 6424 8786 9265 9002 9192 8073 6858 2715 1702 5553 6097 7419 3175 2131 2310 60 1343
17 7862 3370 6977 5858 2461 5036 6483 2991 5337 2162 8757 6998 1155 5121 5119 82 4732
24 9274 9042 493 9015 4087 5584 3992 2122 2780 3212 4370 8665 4084 7798 9091 791 4581 3854 3243 8751 7978 731 910 3545
22 5387 8055 6305 2442 5014 7341 6197 1008 1233 2093 7856 4385 9725 1814 2317 3379 5796 9057 4541 9217 7577 1801
21 5721 942 8940 8984 5009 3802 6699 4623 9884 8121 889 8432 894 2690 815 4681 8500 6627 5831 9591 143
25 9670 1550 7512 9712 1693 4396 2805 5031 9089 827 9490 4440 670 4415 8649 848 7030 6347 9518 4534 5643 110 6568 7977 5894
11 206 7884 6526 5112 990 320 306 9269 2182 7481 247
21 3445 8367 8791 7558 93 5351 3459 5366 5360 1891 3532 4001 3145 3852 5420 9455 959 289 3198 6445 1848
27 3411 2566 8155 9769 128 1062 9934 1121 6165 7389 9939 6203 5534 586 4890 2931 6915 9240 7199 1753 9528 9434 9059 781 571 2494 6693
16 4428 7956 2015 8547 4734 8599 3953 6275 6846 9529 1049 2943 5924 6358 5607 955
19 277 1441 9685 3384 5400 5837 6745 8127 7887 3247 6604 941 8525 2685 9148 1484 9056 3522 1636
15 7677 9503 2261 5256 1330 1319 7403 2918 7852 1926 2262 3563 3609 9126 1115
20 489 6338 1349 5628 8956 403 780 1942 9263 5123 2924 310 9093 7262 4559 7639 6847 5002 840 4908
18 3544 2578 7445 9617 8783 7804 2874 7435 6449 5747 2707 5326 9358 778 2158 2361 2363 9931
24 8219 5406 4704 713 1710 8272 580 4366 2762 4989 6556 5882 96 2359 3078 8427 4312 3653 540 6496 1419 5806 1347 1157
23 3129 4421 6133 5425 2355 9722 1537 9043 9183 7028 2341 3127 9344 2891 9647 9029 2333 7970 5345 9493 5773 2666 2307
26 169 3830 3795 3105 5996 2930 8869 6168 2548 5957 4291 2153 7546 7516 8646 7998 9907 3374 3058 6530 4814 3567 6070 1172 8089 4338
17 1984 1866 2480 6208 2722 6963 516 7353 6162 1501 9418 5594 1036 4904 8084 7350 1242
22 3855 2963 172 4875 4664 3877 7077 7176 385 3747 2632 4874 1591 7248 2343 9017 4928 2005 5170 6637 4723 1662
19 6361 3817 8213 633 4104 2972 6550 1245 183 6743 8719 771 4146 2054 4610 1826 2679 2594 242
22 7319 4328 4602 2900 292 6200 2665 8991 3221 542 3575 6938 7939 1554 9848 6236 201 3485 559 4350 2321 4531
19 6307 2026 8996 8420 2250 4854 6345 9972 2958 1208 1988 891 2582 5581 8592 4553 9555 3871 8789
24 6804 8856 8323 1332 876 2174 8173 2119 4098 2990 8049 4634 6704 5403 5278 4461 3008 1899 427 9169 8860 651 7593 3402
18 5716 6849 6809 5783 3651 9620 3947 9694 873 9944 4373 861 2013 7413 4518 4295 9747 4348
23 1054 4882 8529 2327 4877 1048 2846 7757 7732 7169 5094 7907 1985 4089 5135 9534 9713 2518 5956 1696 2821 1526 1083
23 6438 7692 9144 5663 5070 4938 9950 5976 3842 699 2694 2104 8749 6103 3916 4110 8031 9667 752 6057 7426 3902 5110
24 6003 1557 9429 5539 6519 9421 4035 6771 3691 9874 9636 9268 8772 2668 6785 6854 5641 6427 9802 2727 4067 8409 3026 1437
20 7768 7861 3311 9920 8343 9103 6068 1932 537 2947 2810 2295 6259 145 9699 3268 5215 6233 299 2868
