3 167 86 10
3 168 241 123
4 34 236 17 47
4 99 222 190 37
4 108 202 192 165
2 54 67
2 184 11
3 216 255 247
2 275 119
3 110 27 155
2 180 16
3 87 6 252
3 41 199 126
3 164 3 83
3 116 280 2
3 8 90 49
2 88 201
3 72 26 205
3 4 243 206
3 299 284 181
3 286 40 283
3 0 163 97
3 80 20 52
3 134 146 242
5 7 128 207 270 153
3 103 160 211
3 296 191 182
2 24 213
2 212 240
3 85 5 293
3 249 238 1
3 246 298 112
3 210 217 115
2 75 140
3 62 109 297
3 220 237 186
3 161 185 278
2 159 287
3 294 117 69
3 13 295 265
3 162 31 189
3 92 61 132
3 148 195 231
3 133 258 178
2 203 101
4 193 39 177 262
2 127 170
3 276 51 229
3 58 122 266
2 259 145
4 136 64 93 223
3 95 50 100
3 137 139 256
3 260 48 272
3 150 264 208
3 227 239 149
3 56 14 196
3 144 70 183
3 107 68 274
3 225 118 104
3 218 121 151
4 171 268 23 228
2 263 244
3 105 214 215
3 187 197 120
3 74 291 154
4 38 22 250 257
3 267 73 233
3 261 269 59
3 273 82 71
2 125 42
4 198 253 66 94
3 18 81 12
4 44 174 45 30
3 19 76 98
3 15 235 77
4 290 158 292 84
2 285 251
3 60 157 289
3 57 248 143
3 200 89 288
3 63 55 169
4 113 28 219 130
4 129 254 147 142
2 166 271
3 53 114 9
3 232 138 173
2 226 78
3 79 25 175
2 245 141
3 91 282 279
3 21 111 46
3 32 124 43
2 156 35
3 230 102 152
2 188 131
3 281 29 106
3 277 209 194
3 224 204 135
3 172 96 176
